2 0.000000 100.000000 5791.461216
271 211 
1 -7.291667 0.000000 -7.291667 99.753521 0.000000 6.975992 0.000057 
2 7.583333 0.000000 -7.291667 99.754427 0.000001 6.958355 0.000064 
3 7.583333 0.000000 7.291667 99.760753 0.000001 6.952726 -0.000055 
4 -7.291667 0.000000 7.291667 99.759671 0.000000 6.975839 -0.000065 
5 0.145833 0.000000 0.000000 99.820279 -0.000003 -0.000124 0.003591 
6 -7.291667 0.000000 0.000000 99.756689 0.000000 6.979943 -0.000012 
7 0.145833 0.000000 -7.291667 99.748201 0.000000 6.967121 0.000176 
8 7.583333 0.000000 0.000000 99.857536 0.000005 5.520869 -0.000201 
9 0.145833 0.000000 7.291667 99.765829 0.000000 6.965935 -0.000174 
10 3.864583 0.000000 3.645833 99.773094 0.000002 6.889979 -0.000214 
11 0.145833 0.000000 3.645833 99.793665 0.000001 6.935106 -0.000687 
12 3.864583 0.000000 0.000000 99.916180 -0.000042 4.656515 -0.000493 
13 7.583333 0.000000 3.645833 99.765575 0.000003 6.880010 -0.000050 
14 3.864583 0.000000 7.291667 99.763625 0.000000 6.956563 -0.000117 
15 -3.572917 0.000000 3.645833 99.769527 0.000000 6.977186 -0.000264 
16 -7.291667 0.000000 3.645833 99.759758 0.000000 6.977751 -0.000070 
17 -3.572917 0.000000 0.000000 99.757543 0.000001 6.992180 -0.000046 
18 -3.572917 0.000000 7.291667 99.763078 0.000000 6.973178 -0.000130 
19 3.864583 0.000000 -3.645833 99.748487 0.000002 6.910064 0.000249 
20 0.145833 0.000000 -3.645833 99.724060 0.000001 6.939724 0.000695 
21 3.864583 0.000000 -7.291667 99.751160 0.000000 6.959694 0.000127 
22 7.583333 0.000000 -3.645833 99.756963 0.000002 6.919726 0.000067 
23 2.005208 0.000000 1.822917 99.817760 0.000005 6.673666 -0.000812 
24 0.145833 0.000000 1.822917 99.897195 0.000003 6.827848 -0.002607 
25 2.005208 0.000000 0.000000 99.936503 -0.000088 4.265422 -0.000550 
26 3.864583 0.000000 1.822917 99.790925 0.000007 6.618063 -0.000203 
27 2.005208 0.000000 3.645833 99.784372 0.000002 6.903481 -0.000458 
28 -3.572917 0.000000 -3.645833 99.744651 0.000000 6.977724 0.000232 
29 -7.291667 0.000000 -3.645833 99.753590 0.000000 6.977874 0.000053 
30 -3.572917 0.000000 -7.291667 99.750457 0.000000 6.973612 0.000121 
31 -1.713542 0.000000 1.822917 99.809346 0.000001 6.980055 -0.001063 
32 -3.572917 0.000000 1.822917 99.769950 0.000000 6.984902 -0.000283 
33 -1.713542 0.000000 0.000000 99.760252 0.000001 7.045949 -0.000175 
34 -1.713542 0.000000 3.645833 99.783064 0.000001 6.966608 -0.000519 
35 2.005208 0.000000 -1.822917 99.725487 0.000006 6.736404 0.000945 
36 0.145833 0.000000 -1.822917 99.632201 0.000003 6.842175 0.002661 
37 2.005208 0.000000 -3.645833 99.735738 0.000002 6.914624 0.000497 
38 3.864583 0.000000 -1.822917 99.758920 0.000007 6.753356 0.000255 
39 1.075521 0.000000 0.911458 99.957828 0.000003 6.077551 -0.002850 
40 0.145833 0.000000 0.911458 100.231794 0.000004 6.498189 -0.008864 
41 1.075521 0.000000 0.000000 99.930372 -0.000133 4.005789 -0.000213 
42 2.005208 0.000000 0.911458 99.859550 0.000002 5.994576 -0.000786 
43 1.075521 0.000000 1.822917 99.860148 0.000004 6.715197 -0.001714 
44 -1.713542 0.000000 -1.822917 99.708718 0.000001 6.982040 0.000942 
45 -3.572917 0.000000 -1.822917 99.744817 0.000000 6.985335 0.000218 
46 -1.713542 0.000000 -3.645833 99.732397 0.000001 6.968154 0.000489 
47 -0.783854 0.000000 0.911458 99.962356 0.000003 6.999716 -0.004147 
48 -1.713542 0.000000 0.911458 99.811087 0.000001 7.015130 -0.001147 
49 -0.783854 0.000000 0.000000 99.767888 0.000003 7.260535 -0.000635 
50 -0.783854 0.000000 1.822917 99.861174 0.000002 6.942118 -0.002045 
51 1.075521 0.000000 -0.911458 99.641907 0.000011 6.212145 0.003290 
52 0.145833 0.000000 -0.911458 99.328153 0.000007 6.531426 0.009126 
53 1.075521 0.000000 -1.822917 99.677790 0.000005 6.753096 0.001873 
54 2.005208 0.000000 -0.911458 99.756863 0.000013 6.274374 0.000920 
55 0.610677 0.000000 0.455729 100.285467 -0.000014 5.114750 -0.008334 
56 0.145833 0.000000 0.455729 101.060141 0.000001 5.852430 -0.024740 
57 0.610677 0.000000 0.000000 99.906803 -0.000135 3.461316 0.000665 
58 1.075521 0.000000 0.455729 99.995538 -0.000027 5.144267 -0.002557 
59 0.610677 0.000000 0.911458 100.096949 0.000003 6.192256 -0.005774 
60 -0.783854 0.000000 -0.911458 99.567049 0.000003 7.005407 0.003733 
61 -1.713542 0.000000 -0.911458 99.708486 0.000001 7.016551 0.000899 
62 -0.783854 0.000000 -1.822917 99.660833 0.000002 6.947167 0.001946 
63 -0.319010 0.000000 0.455729 100.475417 0.000004 7.092755 -0.014562 
64 -0.783854 0.000000 0.455729 99.969303 0.000003 7.134439 -0.004476 
65 -0.319010 0.000000 0.000000 99.781441 0.000005 8.122277 -0.002231 
66 -0.319010 0.000000 0.911458 100.139887 0.000003 6.857002 -0.007502 
67 0.610677 0.000000 -0.455729 99.381495 0.000003 5.251127 0.009574 
68 0.145833 0.000000 -0.455729 98.541508 0.000007 5.894819 0.025482 
69 0.610677 0.000000 -0.911458 99.485503 0.000009 6.266452 0.006337 
70 1.075521 0.000000 -0.455729 99.706199 0.000001 5.362809 0.002991 
71 0.378255 0.000000 0.227865 100.901126 -0.000020 4.010468 -0.019712 
72 0.145833 0.000000 0.227865 102.353805 -0.000004 4.883469 -0.050015 
73 0.378255 0.000000 0.000000 99.868958 0.000057 2.338840 0.002072 
74 0.610677 0.000000 0.227865 100.239763 -0.000042 4.238580 -0.006598 
75 0.378255 0.000000 0.455729 100.644497 -0.000005 5.283840 -0.015723 
76 -0.319010 0.000000 -0.455729 99.079001 0.000005 7.104353 0.013288 
77 -0.783854 0.000000 -0.455729 99.564417 0.000003 7.138343 0.003597 
78 -0.319010 0.000000 -0.911458 99.401032 0.000004 6.870414 0.007223 
79 -0.086589 0.000000 0.227865 101.942224 0.000003 7.359749 -0.044638 
80 -0.319010 0.000000 0.227865 100.509652 0.000004 7.593864 -0.015986 
81 -0.086589 0.000000 0.000000 99.794524 0.000004 11.840188 -0.009914 
82 -0.086589 0.000000 0.455729 100.933775 0.000003 6.675771 -0.023219 
83 0.378255 0.000000 -0.227865 98.780228 -0.000004 4.082432 0.022580 
84 0.145833 0.000000 -0.227865 97.270934 0.000005 4.914431 0.051421 
85 0.378255 0.000000 -0.455729 98.990849 0.000006 5.363675 0.017204 
86 0.610677 0.000000 -0.227865 99.493100 -0.000019 4.382938 0.008191 
87 0.262044 0.000000 0.113932 101.757279 -0.000018 2.783590 -0.036229 
88 0.145833 0.000000 0.113932 103.632344 -0.000007 3.405807 -0.075126 
89 0.262044 0.000000 0.000000 99.843233 -0.000015 -0.000161 0.003133 
90 0.378255 0.000000 0.113932 100.693523 -0.000035 3.064443 -0.014858 
91 0.262044 0.000000 0.227865 101.578707 -0.000011 4.164742 -0.033558 
92 -0.086589 0.000000 -0.227865 97.644626 0.000006 7.374148 0.041115 
93 -0.319010 0.000000 -0.227865 99.050773 0.000005 7.600856 0.013117 
94 -0.086589 0.000000 -0.455729 98.640033 0.000006 6.697617 0.022529 
95 0.029622 0.000000 0.113932 105.093795 -0.000001 6.436526 -0.108613 
96 -0.086589 0.000000 0.113932 102.510400 0.000003 8.945607 -0.058841 
97 0.029622 0.000000 0.000000 99.805833 0.000002 -0.000092 0.003880 
98 0.029622 0.000000 0.227865 102.644561 0.000000 6.236246 -0.057480 
99 0.262044 0.000000 -0.113932 97.913269 -0.000002 2.813748 0.040507 
100 0.145833 0.000000 -0.113932 96.003416 0.000003 3.423815 0.077162 
101 0.262044 0.000000 -0.227865 98.073319 0.000001 4.212182 0.036388 
102 0.378255 0.000000 -0.113932 99.016528 -0.000015 3.117687 0.018601 
103 0.203939 0.000000 0.056966 102.806599 -0.000015 1.665960 -0.057197 
104 0.145833 0.000000 0.056966 104.275926 -0.000008 1.923913 -0.087717 
105 0.203939 0.000000 0.000000 99.829894 -0.000007 -0.000162 0.003399 
106 0.262044 0.000000 0.056966 101.626690 -0.000025 1.732487 -0.033099 
107 0.203939 0.000000 0.113932 102.622936 -0.000012 2.905752 -0.053991 
108 0.029622 0.000000 -0.113932 94.514626 0.000005 6.447909 0.102541 
109 -0.086589 0.000000 -0.113932 97.077122 0.000005 8.953070 0.049587 
110 0.029622 0.000000 -0.227865 96.957170 0.000006 6.256684 0.056016 
111 0.203939 0.000000 -0.056966 96.850354 0.000002 1.678284 0.061719 
112 0.145833 0.000000 -0.056966 95.363185 0.000003 1.933337 0.090213 
113 0.203939 0.000000 -0.113932 97.029283 0.000002 2.928845 0.057674 
114 0.262044 0.000000 -0.056966 98.051036 -0.000000 1.749402 0.038293 
115 5.723958 0.000000 1.822917 99.787027 0.000008 6.582373 -0.000078 
116 5.723958 0.000000 0.000000 99.885647 -0.000012 5.112201 -0.000328 
117 7.583333 0.000000 1.822917 99.788973 0.000008 6.528335 -0.000046 
118 5.723958 0.000000 3.645833 99.767681 0.000003 6.885006 -0.000099 
119 2.934896 0.000000 0.911458 99.841525 0.000001 5.924499 -0.000343 
120 2.934896 0.000000 0.000000 99.923022 -0.000059 4.532201 -0.000515 
121 3.864583 0.000000 0.911458 99.845668 -0.000001 5.768597 -0.000243 
122 2.934896 0.000000 1.822917 99.797647 0.000006 6.654317 -0.000385 
123 1.540365 0.000000 0.455729 99.931343 -0.000036 5.039351 -0.001167 
124 1.540365 0.000000 0.000000 99.939620 -0.000109 4.122311 -0.000492 
125 2.005208 0.000000 0.455729 99.913517 -0.000041 4.972321 -0.000743 
126 1.540365 0.000000 0.911458 99.889104 0.000002 6.031462 -0.001421 
127 0.843099 0.000000 0.227865 100.052801 -0.000061 4.365656 -0.002962 
128 0.843099 0.000000 0.000000 99.923481 -0.000161 3.824700 0.000067 
129 1.075521 0.000000 0.227865 99.987137 -0.000072 4.414726 -0.001692 
130 0.843099 0.000000 0.455729 100.088805 -0.000021 5.146553 -0.004426 
131 0.494466 0.000000 0.113932 100.278803 -0.000056 3.482376 -0.006797 
132 0.494466 0.000000 0.000000 99.891230 -0.000084 3.082538 0.001224 
133 0.610677 0.000000 0.113932 100.114369 -0.000075 3.742630 -0.003689 
134 0.494466 0.000000 0.227865 100.474438 -0.000031 4.109595 -0.011200 
135 0.320150 0.000000 0.056966 100.754148 -0.000034 2.159474 -0.015606 
136 0.320150 0.000000 0.000000 99.855066 0.000418 1.584403 0.002646 
137 0.378255 0.000000 0.056966 100.368777 -0.000049 2.600483 -0.008065 
138 0.320150 0.000000 0.113932 101.103039 -0.000026 2.889470 -0.023017 
139 0.232992 0.000000 0.028483 102.144624 -0.000026 0.963899 -0.043445 
140 0.203939 0.000000 0.028483 102.832175 -0.000017 0.965796 -0.057539 
141 0.232992 0.000000 0.000000 99.834590 -0.000009 -0.000175 0.003305 
142 0.262044 0.000000 0.028483 101.484365 -0.000033 1.054370 -0.030019 
143 0.232992 0.000000 0.056966 102.193858 -0.000020 1.657081 -0.044633 
144 0.087728 0.000000 0.056966 106.320282 -0.000004 2.897350 -0.131240 
145 0.029622 0.000000 0.056966 108.552755 -0.000001 6.305924 -0.182347 
146 0.087728 0.000000 0.000000 99.813062 -0.000000 -0.000116 0.003735 
147 0.087728 0.000000 0.113932 104.659441 -0.000004 4.509600 -0.097394 
148 0.174886 0.000000 0.028483 99.824966 -0.000004 -0.000132 0.003498 
149 0.145833 0.000000 0.028483 99.824966 -0.000004 -0.000132 0.003498 
150 0.174886 0.000000 0.000000 99.825092 -0.000004 -0.000144 0.003495 
151 0.174886 0.000000 0.056966 103.482158 -0.000011 1.750219 -0.071162 
152 5.723958 0.000000 -1.822917 99.764735 0.000006 6.785669 0.000095 
153 5.723958 0.000000 -3.645833 99.754487 0.000002 6.914379 0.000123 
154 7.583333 0.000000 -1.822917 99.765647 0.000006 6.809376 0.000045 
155 2.934896 0.000000 -0.911458 99.780868 0.000014 6.354448 0.000340 
156 2.934896 0.000000 -1.822917 99.749160 0.000007 6.737480 0.000471 
157 3.864583 0.000000 -0.911458 99.788262 0.000015 6.387619 0.000150 
158 1.540365 0.000000 -0.455729 99.792349 0.000003 5.487719 0.001137 
159 1.540365 0.000000 -0.911458 99.721034 0.000012 6.236485 0.001682 
160 2.005208 0.000000 -0.455729 99.819037 0.000007 5.587461 0.000494 
161 0.843099 0.000000 -0.227865 99.713229 -0.000028 4.600442 0.003611 
162 0.843099 0.000000 -0.455729 99.597629 0.000001 5.293522 0.005229 
163 1.075521 0.000000 -0.227865 99.797968 -0.000030 4.745981 0.001784 
164 0.494466 0.000000 -0.113932 99.467553 -0.000033 3.570427 0.009346 
165 0.494466 0.000000 -0.227865 99.234726 -0.000012 4.214439 0.013471 
166 0.610677 0.000000 -0.113932 99.661176 -0.000049 3.872967 0.005265 
167 0.320150 0.000000 -0.056966 98.947074 -0.000010 2.184778 0.020470 
168 0.320150 0.000000 -0.113932 98.587166 -0.000007 2.929526 0.027199 
169 0.378255 0.000000 -0.056966 99.356057 -0.000024 2.639218 0.012141 
170 0.232992 0.000000 -0.028483 97.524058 0.000007 0.971262 0.048811 
171 0.203939 0.000000 -0.028483 96.826113 0.000004 0.972078 0.062376 
172 0.232992 0.000000 -0.056966 97.473082 0.000002 1.671393 0.049620 
173 0.262044 0.000000 -0.028483 98.195833 0.000006 1.063277 0.035645 
174 0.218465 0.000000 0.014242 99.833054 -0.000008 -0.000171 0.003336 
175 0.203939 0.000000 0.014242 99.829854 -0.000007 -0.000164 0.003400 
176 0.218465 0.000000 0.000000 99.831094 -0.000007 -0.000167 0.003375 
177 0.232992 0.000000 0.014242 99.835775 -0.000010 -0.000178 0.003282 
178 0.218465 0.000000 0.028483 102.482817 -0.000021 0.931750 -0.050360 
179 0.087728 0.000000 -0.056966 93.303398 0.000005 2.904726 0.128604 
180 0.029622 0.000000 -0.056966 91.057549 0.000004 6.311784 0.166868 
181 0.087728 0.000000 -0.113932 94.961758 0.000005 4.523841 0.096180 
182 0.116781 0.000000 0.028483 99.815592 -0.000001 -0.000117 0.003685 
183 0.087728 0.000000 0.028483 107.002195 -0.000006 1.369658 -0.145135 
184 0.116781 0.000000 0.000000 99.816764 -0.000001 -0.000120 0.003661 
185 0.116781 0.000000 0.056966 105.210229 -0.000006 2.266386 -0.107433 
186 -5.432292 0.000000 1.822917 99.761261 0.000000 6.981424 -0.000105 
187 -7.291667 0.000000 1.822917 99.758666 0.000000 6.978944 -0.000050 
188 -5.432292 0.000000 0.000000 99.756915 0.000000 6.983133 -0.000021 
189 -5.432292 0.000000 3.645833 99.762730 0.000000 6.978550 -0.000130 
190 -2.643229 0.000000 0.911458 99.776188 0.000001 6.998202 -0.000426 
191 -3.572917 0.000000 0.911458 99.765508 0.000000 6.989893 -0.000202 
192 -2.643229 0.000000 0.000000 99.758368 0.000001 7.005078 -0.000080 
193 -2.643229 0.000000 1.822917 99.782121 0.000001 6.986137 -0.000528 
194 -1.248698 0.000000 0.455729 99.835425 0.000002 7.071167 -0.001711 
195 -1.713542 0.000000 0.455729 99.792998 0.000001 7.036076 -0.000815 
196 -1.248698 0.000000 0.000000 99.762705 0.000002 7.100547 -0.000302 
197 -1.248698 0.000000 0.911458 99.859277 0.000002 7.020401 -0.002116 
198 -0.551432 0.000000 0.227865 100.052580 0.000004 7.363079 -0.006473 
199 -0.783854 0.000000 0.227865 99.898096 0.000003 7.220104 -0.003176 
200 -0.551432 0.000000 0.000000 99.772929 0.000004 7.482098 -0.001062 
201 -0.551432 0.000000 0.455729 100.142082 0.000003 7.160433 -0.007971 
202 -0.202799 0.000000 0.113932 100.833648 0.000004 8.460348 -0.023900 
203 -0.319010 0.000000 0.113932 100.282837 0.000004 7.990690 -0.012050 
204 -0.202799 0.000000 0.000000 99.787847 0.000004 8.994159 -0.003851 
205 -0.202799 0.000000 0.227865 101.072834 0.000004 7.685374 -0.027478 
206 -0.028483 0.000000 0.056966 105.556582 0.000002 11.133374 -0.126614 
207 -0.086589 0.000000 0.056966 102.065404 0.000003 10.590728 -0.052951 
208 -0.028483 0.000000 0.000000 99.799603 0.000003 19.375758 -0.033538 
209 -0.028483 0.000000 0.113932 104.085794 0.000001 8.327309 -0.090320 
210 0.058675 0.000000 0.028483 109.135410 -0.000003 2.206789 -0.191541 
211 0.029622 0.000000 0.028483 112.175921 0.000001 4.794412 -0.260642 
212 0.058675 0.000000 0.000000 99.809115 0.000001 -0.000110 0.003814 
213 0.058675 0.000000 0.056966 107.575980 -0.000003 4.094395 -0.158936 
214 -5.432292 0.000000 -1.822917 99.752497 0.000000 6.981570 0.000070 
215 -7.291667 0.000000 -1.822917 99.754747 0.000000 6.979015 0.000028 
216 -5.432292 0.000000 -3.645833 99.750855 0.000000 6.978775 0.000106 
217 -2.643229 0.000000 -0.911458 99.740280 0.000001 6.998747 0.000289 
218 -3.572917 0.000000 -0.911458 99.749481 0.000000 6.990143 0.000118 
219 -2.643229 0.000000 -1.822917 99.733761 0.000001 6.987000 0.000436 
220 -1.248698 0.000000 -0.455729 99.689325 0.000002 7.072813 0.001201 
221 -1.713542 0.000000 -0.455729 99.727245 0.000001 7.036883 0.000496 
222 -1.248698 0.000000 -0.911458 99.663884 0.000002 7.023114 0.001779 
223 -0.551432 0.000000 -0.227865 99.492168 0.000004 7.366799 0.004704 
224 -0.783854 0.000000 -0.227865 99.637125 0.000003 7.222249 0.002028 
225 -0.551432 0.000000 -0.455729 99.399767 0.000004 7.166964 0.006832 
226 -0.202799 0.000000 -0.113932 98.741051 0.000005 8.465638 0.017854 
227 -0.319010 0.000000 -0.113932 99.279407 0.000005 7.994372 0.007969 
228 -0.202799 0.000000 -0.227865 98.499089 0.000005 7.695294 0.023871 
229 -0.028483 0.000000 -0.056966 94.042125 0.000004 11.138080 0.103202 
230 -0.086589 0.000000 -0.056966 97.523255 0.000004 10.594542 0.037697 
231 -0.028483 0.000000 -0.113932 95.511457 0.000005 8.336489 0.080806 
232 0.000570 0.000000 0.028483 112.613472 0.000002 12.265222 -0.283223 
233 -0.028483 0.000000 0.028483 105.563043 0.000002 14.889391 -0.136525 
234 0.000570 0.000000 0.000000 99.803353 0.000002 -0.000075 0.003929 
235 0.000570 0.000000 0.056966 107.967030 0.000001 9.339117 -0.174410 
236 0.058675 0.000000 -0.028483 90.481903 0.000005 2.210099 0.180814 
237 0.029622 0.000000 -0.028483 87.434870 0.000003 4.797364 0.233213 
238 0.058675 0.000000 -0.056966 92.040773 0.000005 4.100961 0.151168 
239 0.087728 0.000000 -0.028483 92.622133 0.000006 1.373381 0.141925 
240 0.044149 0.000000 0.014242 99.807329 0.000001 -0.000101 0.003850 
241 0.029622 0.000000 0.014242 99.805067 0.000002 -0.000087 0.003895 
242 0.044149 0.000000 0.000000 99.806824 0.000001 -0.000100 0.003860 
243 0.058675 0.000000 0.014242 99.809115 0.000001 -0.000110 0.003814 
244 0.044149 0.000000 0.028483 110.538213 -0.000001 3.129603 -0.222849 
245 0.000570 0.000000 -0.028483 86.991253 0.000003 12.267863 0.228202 
246 -0.028483 0.000000 -0.028483 94.036038 0.000003 14.891759 0.093546 
247 0.000570 0.000000 -0.056966 91.637269 0.000004 9.344362 0.151529 
248 0.015096 0.000000 0.014242 99.804241 0.000002 -0.000080 0.003911 
249 0.000570 0.000000 0.014242 99.803595 0.000002 -0.000075 0.003924 
250 0.015096 0.000000 0.000000 99.804402 0.000002 -0.000080 0.003908 
251 0.015096 0.000000 0.028483 113.485223 0.000002 7.886206 -0.294109 
252 0.291097 0.000000 0.028483 100.814148 -0.000036 1.333562 -0.016527 
253 0.291097 0.000000 0.000000 99.845964 -0.000017 -0.000136 0.003078 
254 0.320150 0.000000 0.028483 100.402445 -0.000043 1.789747 -0.008385 
255 0.291097 0.000000 0.056966 101.125821 -0.000029 1.912863 -0.023009 
256 0.291097 0.000000 -0.028483 98.878880 -0.000001 1.345058 0.022116 
257 0.291097 0.000000 -0.056966 98.563437 -0.000005 1.933336 0.028151 
258 0.320150 0.000000 -0.028483 99.304138 -0.000009 1.805655 0.013543 
259 0.276571 0.000000 0.014242 99.845214 -0.000016 -0.000146 0.003093 
260 0.262044 0.000000 0.014242 99.843291 -0.000015 -0.000164 0.003132 
261 0.276571 0.000000 0.000000 99.844125 -0.000016 -0.000151 0.003115 
262 0.291097 0.000000 0.014242 99.845214 -0.000016 -0.000146 0.003093 
263 0.276571 0.000000 0.028483 101.138238 -0.000034 1.157100 -0.023028 
264 0.174886 0.000000 -0.028483 99.824966 -0.000004 -0.000132 0.003498 
265 0.145833 0.000000 -0.028483 99.824966 -0.000004 -0.000132 0.003498 
266 0.174886 0.000000 -0.056966 96.165540 0.000002 1.760953 0.074909 
267 0.247518 0.000000 0.014242 99.837790 -0.000011 -0.000178 0.003242 
268 0.247518 0.000000 0.000000 99.838664 -0.000012 -0.000181 0.003224 
269 0.247518 0.000000 0.028483 101.818814 -0.000030 1.000985 -0.036807 
270 0.116781 0.000000 -0.028483 99.815592 -0.000001 -0.000117 0.003685 
271 0.116781 0.000000 -0.056966 94.420887 0.000004 2.274706 0.107952 
1 10 13 3 14 
2 11 10 14 9 
3 15 11 9 18 
4 16 15 18 4 
5 7 21 19 20 
6 21 2 22 19 
7 23 26 10 27 
8 24 23 27 11 
9 1 30 28 29 
10 30 7 20 28 
11 31 24 11 34 
12 32 31 34 15 
13 20 37 35 36 
14 37 19 38 35 
15 39 42 23 43 
16 40 39 43 24 
17 28 46 44 45 
18 46 20 36 44 
19 47 40 24 50 
20 48 47 50 31 
21 36 53 51 52 
22 53 35 54 51 
23 55 58 39 59 
24 56 55 59 40 
25 44 62 60 61 
26 62 36 52 60 
27 63 56 40 66 
28 64 63 66 47 
29 52 69 67 68 
30 69 51 70 67 
31 71 74 55 75 
32 72 71 75 56 
33 60 78 76 77 
34 78 52 68 76 
35 79 72 56 82 
36 80 79 82 63 
37 68 85 83 84 
38 85 67 86 83 
39 87 90 71 91 
40 88 87 91 72 
41 76 94 92 93 
42 94 68 84 92 
43 95 88 72 98 
44 96 95 98 79 
45 84 101 99 100 
46 101 83 102 99 
47 103 106 87 107 
48 104 103 107 88 
49 92 110 108 109 
50 110 84 100 108 
51 100 113 111 112 
52 113 99 114 111 
53 12 116 115 26 
54 116 8 117 115 
55 115 117 13 118 
56 26 115 118 10 
57 25 120 119 42 
58 120 12 121 119 
59 119 121 26 122 
60 42 119 122 23 
61 41 124 123 58 
62 124 25 125 123 
63 123 125 42 126 
64 58 123 126 39 
65 57 128 127 74 
66 128 41 129 127 
67 127 129 58 130 
68 74 127 130 55 
69 73 132 131 90 
70 132 57 133 131 
71 131 133 74 134 
72 90 131 134 71 
73 136 73 137 135 
74 135 137 90 138 
75 106 135 138 87 
76 139 142 106 143 
77 140 139 143 103 
78 144 104 88 147 
79 145 144 147 95 
80 5 150 148 149 
81 150 105 140 148 
82 148 140 103 151 
83 149 148 151 104 
84 19 153 152 38 
85 153 22 154 152 
86 152 154 8 116 
87 38 152 116 12 
88 35 156 155 54 
89 156 38 157 155 
90 155 157 12 120 
91 54 155 120 25 
92 51 159 158 70 
93 159 54 160 158 
94 158 160 25 124 
95 70 158 124 41 
96 67 162 161 86 
97 162 70 163 161 
98 161 163 41 128 
99 86 161 128 57 
100 83 165 164 102 
101 165 86 166 164 
102 164 166 57 132 
103 102 164 132 73 
104 99 168 167 114 
105 168 102 169 167 
106 167 169 73 136 
107 111 172 170 171 
108 172 114 173 170 
109 170 173 89 141 
110 171 170 141 105 
111 105 176 174 175 
112 176 141 177 174 
113 174 177 139 178 
114 175 174 178 140 
115 108 181 179 180 
116 181 100 112 179 
117 146 184 182 183 
118 184 5 149 182 
119 182 149 104 185 
120 183 182 185 144 
121 6 188 186 187 
122 188 17 32 186 
123 186 32 15 189 
124 187 186 189 16 
125 17 192 190 191 
126 192 33 48 190 
127 190 48 31 193 
128 191 190 193 32 
129 33 196 194 195 
130 196 49 64 194 
131 194 64 47 197 
132 195 194 197 48 
133 49 200 198 199 
134 200 65 80 198 
135 198 80 63 201 
136 199 198 201 64 
137 65 204 202 203 
138 204 81 96 202 
139 202 96 79 205 
140 203 202 205 80 
141 81 208 206 207 
142 206 145 95 209 
143 207 206 209 96 
144 212 146 183 210 
145 210 183 144 213 
146 211 210 213 145 
147 29 216 214 215 
148 216 28 45 214 
149 214 45 17 188 
150 215 214 188 6 
151 45 219 217 218 
152 219 44 61 217 
153 217 61 33 192 
154 218 217 192 17 
155 61 222 220 221 
156 222 60 77 220 
157 220 77 49 196 
158 221 220 196 33 
159 77 225 223 224 
160 225 76 93 223 
161 223 93 65 200 
162 224 223 200 49 
163 93 228 226 227 
164 228 92 109 226 
165 226 109 81 204 
166 227 226 204 65 
167 109 231 229 230 
168 231 108 180 229 
169 230 229 208 81 
170 208 234 232 233 
171 232 211 145 235 
172 233 232 235 206 
173 180 238 236 237 
174 238 179 239 236 
175 236 239 146 212 
176 237 236 212 97 
177 97 242 240 241 
178 242 212 243 240 
179 240 243 210 244 
180 241 240 244 211 
181 229 247 245 246 
182 247 180 237 245 
183 245 237 97 234 
184 246 245 234 208 
185 234 250 248 249 
186 250 97 241 248 
187 248 241 211 251 
188 249 248 251 232 
189 253 136 254 252 
190 252 254 135 255 
191 142 252 255 106 
192 114 257 256 173 
193 257 167 258 256 
194 256 258 136 253 
195 173 256 253 89 
196 89 261 259 260 
197 261 253 262 259 
198 259 262 252 263 
199 260 259 263 142 
200 112 266 264 265 
201 266 111 171 264 
202 264 171 105 150 
203 265 264 150 5 
204 141 268 267 177 
205 268 89 260 267 
206 267 260 142 269 
207 177 267 269 139 
208 179 271 270 239 
209 271 112 265 270 
210 270 265 5 184 
211 239 270 184 146 
