2 0.000000 100.000000 5791.461216
302 238 
1 -7.291667 0.000000 -7.291667 99.457236 0.000000 -10.453079 -0.000101 
2 7.583333 0.000000 -7.291667 99.460046 0.000001 -10.415648 -0.000079 
3 7.583333 0.000000 7.291667 99.449805 0.000001 -10.428513 0.000098 
4 -7.291667 0.000000 7.291667 99.448002 0.000000 -10.453422 0.000082 
5 0.145833 0.000000 0.000000 99.595755 0.000002 0.000390 0.008069 
6 -7.291667 0.000000 0.000000 99.452828 0.000000 -10.459292 -0.000026 
7 0.145833 0.000000 -7.291667 99.466853 0.000001 -10.437810 -0.000260 
8 7.583333 0.000000 0.000000 99.602479 0.000037 -9.010142 -0.000184 
9 0.145833 0.000000 7.291667 99.440282 0.000001 -10.440480 0.000263 
10 3.864583 0.000000 3.645833 99.442500 0.000003 -10.360281 0.000385 
11 0.145833 0.000000 3.645833 99.405287 0.000002 -10.400627 0.001042 
12 3.864583 0.000000 0.000000 99.749578 -0.000015 -7.572069 -0.000731 
13 7.583333 0.000000 3.645833 99.454734 0.000003 -10.377719 0.000106 
14 3.864583 0.000000 7.291667 99.444889 0.000001 -10.429923 0.000193 
15 -3.572917 0.000000 3.645833 99.435056 0.000001 -10.456171 0.000334 
16 -7.291667 0.000000 3.645833 99.448166 0.000000 -10.456234 0.000073 
17 -3.572917 0.000000 0.000000 99.454749 0.000001 -10.477654 -0.000103 
18 -3.572917 0.000000 7.291667 99.443523 0.000000 -10.449958 0.000178 
19 3.864583 0.000000 -3.645833 99.482085 0.000005 -10.314459 -0.000307 
20 0.145833 0.000000 -3.645833 99.510190 0.000002 -10.390230 -0.001023 
21 3.864583 0.000000 -7.291667 99.463983 0.000001 -10.422840 -0.000172 
22 7.583333 0.000000 -3.645833 99.473285 0.000006 -10.284409 -0.000070 
23 2.005208 0.000000 1.822917 99.413718 0.000011 -10.112885 0.001464 
24 0.145833 0.000000 1.822917 99.271431 0.000006 -10.257922 0.003996 
25 2.005208 0.000000 0.000000 99.827300 -0.000101 -6.681907 -0.001014 
26 3.864583 0.000000 1.822917 99.462989 0.000012 -10.151717 0.000406 
27 2.005208 0.000000 3.645833 99.423300 0.000003 -10.365007 0.000757 
28 -3.572917 0.000000 -3.645833 99.472401 0.000001 -10.454962 -0.000406 
29 -7.291667 0.000000 -3.645833 99.457423 0.000000 -10.455960 -0.000111 
30 -3.572917 0.000000 -7.291667 99.462490 0.000000 -10.448982 -0.000197 
31 -1.713542 0.000000 1.822917 99.382583 0.000002 -10.463213 0.001362 
32 -3.572917 0.000000 1.822917 99.435533 0.000001 -10.467550 0.000301 
33 -1.713542 0.000000 0.000000 99.460837 0.000003 -10.558309 -0.000394 
34 -1.713542 0.000000 3.645833 99.417115 0.000001 -10.442196 0.000720 
35 2.005208 0.000000 -1.822917 99.560418 0.000009 -9.970369 -0.001169 
36 0.145833 0.000000 -1.822917 99.670371 0.000005 -10.225698 -0.003875 
37 2.005208 0.000000 -3.645833 99.497664 0.000003 -10.339744 -0.000670 
38 3.864583 0.000000 -1.822917 99.529828 0.000013 -9.837243 -0.000296 
39 1.075521 0.000000 0.911458 99.305213 0.000024 -9.352258 0.005101 
40 0.145833 0.000000 0.911458 98.826111 0.000014 -9.799353 0.013737 
41 1.075521 0.000000 0.000000 99.830543 -0.000179 -6.130704 -0.000372 
42 2.005208 0.000000 0.911458 99.476315 0.000028 -9.480008 0.001459 
43 1.075521 0.000000 1.822917 99.341681 0.000009 -10.130552 0.002860 
44 -1.713542 0.000000 -1.822917 99.533617 0.000002 -10.458758 -0.001633 
45 -3.572917 0.000000 -1.822917 99.473247 0.000001 -10.466577 -0.000448 
46 -1.713542 0.000000 -3.645833 99.493234 0.000001 -10.438723 -0.000787 
47 -0.783854 0.000000 0.911458 99.174316 0.000005 -10.499735 0.005421 
48 -1.713542 0.000000 0.911458 99.382832 0.000002 -10.514761 0.001249 
49 -0.783854 0.000000 0.000000 99.478000 0.000006 -10.880131 -0.001425 
50 -0.783854 0.000000 1.822917 99.312123 0.000003 -10.412079 0.002869 
51 1.075521 0.000000 -0.911458 99.796534 -0.000002 -9.048751 -0.004123 
52 0.145833 0.000000 -0.911458 100.184469 0.000005 -9.724685 -0.013150 
53 1.075521 0.000000 -1.822917 99.619714 0.000007 -10.047470 -0.002504 
54 2.005208 0.000000 -0.911458 99.667827 -0.000008 -8.843607 -0.001189 
55 0.610677 0.000000 0.455729 98.939670 0.000019 -7.918285 0.014824 
56 0.145833 0.000000 0.455729 97.662098 0.000019 -8.849483 0.038380 
57 0.610677 0.000000 0.000000 99.786011 -0.000234 -5.232880 0.001537 
58 1.075521 0.000000 0.455729 99.432048 0.000017 -8.133199 0.004712 
59 0.610677 0.000000 0.911458 99.067867 0.000019 -9.415787 0.009690 
60 -0.783854 0.000000 -0.911458 99.767387 0.000004 -10.486961 -0.006351 
61 -1.713542 0.000000 -0.911458 99.536753 0.000002 -10.511572 -0.001806 
62 -0.783854 0.000000 -1.822917 99.612961 0.000003 -10.400738 -0.003092 
63 -0.319010 0.000000 0.455729 98.451865 0.000010 -10.650560 0.019380 
64 -0.783854 0.000000 0.455729 99.172079 0.000006 -10.698399 0.005044 
65 -0.319010 0.000000 0.000000 99.508467 0.000008 -12.172182 -0.005010 
66 -0.319010 0.000000 0.911458 98.929380 0.000008 -10.300315 0.010688 
67 0.610677 0.000000 -0.455729 100.303900 -0.000030 -7.691537 -0.012003 
68 0.145833 0.000000 -0.455729 101.442165 -0.000002 -8.754335 -0.036715 
69 0.610677 0.000000 -0.911458 99.993850 0.000002 -9.248879 -0.008431 
70 1.075521 0.000000 -0.455729 99.899279 -0.000069 -7.597806 -0.003759 
71 0.378255 0.000000 0.227865 98.047701 0.000016 -6.145962 0.034888 
72 0.145833 0.000000 0.227865 95.766779 0.000023 -7.376613 0.077431 
73 0.378255 0.000000 0.000000 99.704837 -0.000097 -3.510675 0.004662 
74 0.610677 0.000000 0.227865 99.130740 -0.000006 -6.624315 0.012921 
75 0.378255 0.000000 0.455729 98.345900 0.000021 -8.067129 0.026301 
76 -0.319010 0.000000 -0.455729 100.546068 0.000006 -10.624538 -0.022239 
77 -0.783854 0.000000 -0.455729 99.779308 0.000005 -10.689640 -0.007018 
78 -0.319010 0.000000 -0.911458 100.038251 0.000005 -10.270207 -0.011313 
79 -0.086589 0.000000 0.227865 96.313846 0.000015 -11.056588 0.060139 
80 -0.319010 0.000000 0.227865 98.412027 0.000010 -11.393185 0.018527 
81 -0.086589 0.000000 0.000000 99.537878 0.000008 -17.745374 -0.022269 
82 -0.086589 0.000000 0.455729 97.800587 0.000014 -10.044942 0.033414 
83 0.378255 0.000000 -0.227865 101.235642 -0.000041 -5.984607 -0.028447 
84 0.145833 0.000000 -0.227865 103.389260 -0.000013 -7.307147 -0.074273 
85 0.378255 0.000000 -0.455729 100.834356 -0.000013 -7.887958 -0.022979 
86 0.610677 0.000000 -0.227865 100.268499 -0.000084 -6.301000 -0.009347 
87 0.262044 0.000000 0.113932 96.746464 0.000029 -4.228841 0.062224 
88 0.145833 0.000000 0.113932 93.871515 0.000029 -5.137995 0.116174 
89 0.262044 0.000000 0.000000 99.647303 -0.000015 0.000567 0.007042 
90 0.378255 0.000000 0.113932 98.413681 0.000010 -4.694449 0.029271 
91 0.262044 0.000000 0.227865 96.978651 0.000023 -6.330668 0.055506 
92 -0.086589 0.000000 -0.227865 102.756991 0.000002 -11.024277 -0.068053 
93 -0.319010 0.000000 -0.227865 100.599395 0.000006 -11.377495 -0.024969 
94 -0.086589 0.000000 -0.455729 101.240983 0.000004 -9.995911 -0.034965 
95 0.029622 0.000000 0.113932 91.630455 0.000021 -9.667754 0.151039 
96 -0.086589 0.000000 0.113932 95.463852 0.000014 -13.420702 0.070654 
97 0.029622 0.000000 0.000000 99.563294 0.000007 0.000282 0.008715 
98 0.029622 0.000000 0.227865 95.288585 0.000019 -9.384174 0.083202 
99 0.262044 0.000000 -0.113932 102.512435 -0.000045 -4.161211 -0.052611 
100 0.145833 0.000000 -0.113932 105.309236 -0.000023 -5.097603 -0.111602 
101 0.262044 0.000000 -0.227865 102.238742 -0.000025 -6.224259 -0.049150 
102 0.378255 0.000000 -0.113932 100.933916 -0.000075 -4.575112 -0.020859 
103 0.203939 0.000000 0.056966 95.148865 0.000043 -2.519966 0.094034 
104 0.145833 0.000000 0.056966 92.913360 0.000035 -2.900961 0.135869 
105 0.203939 0.000000 0.000000 99.617351 -0.000003 0.000463 0.007638 
106 0.262044 0.000000 0.056966 96.956206 0.000041 -2.628680 0.059258 
107 0.203939 0.000000 0.113932 95.414978 0.000031 -4.398292 0.087664 
108 0.029622 0.000000 -0.113932 107.488855 -0.000007 -9.642215 -0.164683 
109 -0.086589 0.000000 -0.113932 103.608482 0.000003 -13.403956 -0.091438 
110 0.029622 0.000000 -0.227865 103.815719 -0.000004 -9.338313 -0.086491 
111 0.203939 0.000000 -0.056966 104.079474 -0.000048 -2.492326 -0.083875 
112 0.145833 0.000000 -0.056966 106.274905 -0.000030 -2.879819 -0.130265 
113 0.203939 0.000000 -0.113932 103.802753 -0.000034 -4.346493 -0.079390 
114 0.262044 0.000000 -0.056966 102.318779 -0.000064 -2.590750 -0.047584 
115 5.723958 0.000000 1.822917 99.469920 0.000011 -10.206935 0.000155 
116 5.723958 0.000000 0.000000 99.666041 0.000026 -8.395399 -0.000380 
117 7.583333 0.000000 1.822917 99.469915 0.000009 -10.246268 0.000075 
118 5.723958 0.000000 3.645833 99.451289 0.000003 -10.368458 0.000194 
119 2.934896 0.000000 0.911458 99.508029 0.000028 -9.624534 0.000552 
120 2.934896 0.000000 0.000000 99.780779 -0.000046 -7.235495 -0.000856 
121 3.864583 0.000000 0.911458 99.515643 0.000027 -9.701262 0.000252 
122 2.934896 0.000000 1.822917 99.449171 0.000012 -10.122387 0.000740 
123 1.540365 0.000000 0.455729 99.558585 0.000021 -8.366339 0.001809 
124 1.540365 0.000000 0.000000 99.842831 -0.000139 -6.386266 -0.000938 
125 2.005208 0.000000 0.455729 99.593351 0.000027 -8.555965 0.000796 
126 1.540365 0.000000 0.911458 99.423936 0.000026 -9.406845 0.002639 
127 0.843099 0.000000 0.227865 99.467129 -0.000022 -6.983682 0.005752 
128 0.843099 0.000000 0.000000 99.819021 -0.000226 -5.820794 0.000228 
129 1.075521 0.000000 0.227865 99.595150 -0.000027 -7.236198 0.002844 
130 0.843099 0.000000 0.455729 99.268063 0.000017 -8.005174 0.008177 
131 0.494466 0.000000 0.113932 99.101041 -0.000020 -5.387613 0.014996 
132 0.494466 0.000000 0.000000 99.753434 -0.000185 -4.641704 0.002771 
133 0.610677 0.000000 0.113932 99.399253 -0.000048 -5.858170 0.008547 
134 0.494466 0.000000 0.227865 98.737227 0.000006 -6.356679 0.021055 
135 0.320150 0.000000 0.056966 98.307881 0.000024 -3.285277 0.032477 
136 0.320150 0.000000 0.000000 99.673834 -0.000109 -2.376276 0.005948 
137 0.378255 0.000000 0.056966 98.929060 0.000000 -3.972592 0.019726 
138 0.320150 0.000000 0.113932 97.763430 0.000022 -4.406712 0.042289 
139 0.232992 0.000000 0.028483 96.163145 0.000063 -1.458498 0.075052 
140 0.203939 0.000000 0.028483 95.113121 0.000057 -1.459229 0.095136 
141 0.232992 0.000000 0.000000 99.627898 -0.000006 0.000517 0.007428 
142 0.262044 0.000000 0.028483 97.174438 0.000052 -1.597165 0.055458 
143 0.232992 0.000000 0.056966 96.085922 0.000044 -2.510539 0.076119 
144 0.087728 0.000000 0.056966 89.820584 0.000030 -4.355997 0.191329 
145 0.029622 0.000000 0.056966 86.449760 0.000023 -9.461899 0.243691 
146 0.087728 0.000000 0.000000 99.579539 0.000005 0.000344 0.008392 
147 0.087728 0.000000 0.113932 92.305106 0.000026 -6.785146 0.143373 
148 0.174886 0.000000 0.028483 99.606284 0.000001 0.000417 0.007859 
149 0.145833 0.000000 0.028483 99.606284 0.000001 0.000417 0.007859 
150 0.174886 0.000000 0.000000 99.606566 0.000001 0.000419 0.007853 
151 0.174886 0.000000 0.056966 94.119061 0.000039 -2.643164 0.113462 
152 5.723958 0.000000 -1.822917 99.534043 0.000014 -9.711988 -0.000135 
153 5.723958 0.000000 -3.645833 99.475129 0.000005 -10.300464 -0.000140 
154 7.583333 0.000000 -1.822917 99.552001 0.000012 -9.517657 -0.000119 
155 2.934896 0.000000 -0.911458 99.658146 -0.000016 -8.632579 -0.000627 
156 2.934896 0.000000 -1.822917 99.534250 0.000011 -9.921395 -0.000550 
157 3.864583 0.000000 -0.911458 99.689995 -0.000031 -8.243746 -0.000605 
158 1.540365 0.000000 -0.455729 99.825533 -0.000097 -7.362592 -0.001934 
159 1.540365 0.000000 -0.911458 99.703187 -0.000005 -8.942844 -0.002070 
160 2.005208 0.000000 -0.455729 99.814899 -0.000115 -7.182366 -0.001460 
161 0.843099 0.000000 -0.227865 100.006777 -0.000128 -6.458718 -0.004307 
162 0.843099 0.000000 -0.455729 100.027943 -0.000051 -7.633653 -0.006386 
163 1.075521 0.000000 -0.227865 99.921750 -0.000162 -6.497415 -0.002657 
164 0.494466 0.000000 -0.113932 100.328055 -0.000115 -5.190372 -0.009266 
165 0.494466 0.000000 -0.227865 100.608671 -0.000062 -6.121720 -0.015958 
166 0.610677 0.000000 -0.113932 100.095368 -0.000154 -5.566293 -0.005007 
167 0.320150 0.000000 -0.056966 101.019837 -0.000078 -3.228544 -0.021543 
168 0.320150 0.000000 -0.113932 101.539612 -0.000058 -4.316906 -0.032893 
169 0.378255 0.000000 -0.056966 100.451636 -0.000105 -3.885777 -0.010563 
170 0.232992 0.000000 -0.028483 103.091529 -0.000078 -1.441985 -0.062994 
171 0.203939 0.000000 -0.028483 104.118211 -0.000064 -1.445139 -0.084269 
172 0.232992 0.000000 -0.056966 103.164846 -0.000057 -2.478443 -0.064913 
173 0.262044 0.000000 -0.028483 102.106088 -0.000078 -1.577190 -0.042814 
174 0.218465 0.000000 0.014242 99.624447 -0.000005 0.000491 0.007497 
175 0.203939 0.000000 0.014242 99.617261 -0.000003 0.000457 0.007640 
176 0.218465 0.000000 0.000000 99.620047 -0.000003 0.000474 0.007585 
177 0.232992 0.000000 0.014242 99.630557 -0.000007 0.000532 0.007375 
178 0.218465 0.000000 0.028483 95.646266 0.000061 -1.409162 0.084981 
179 0.087728 0.000000 -0.056966 109.333005 -0.000020 -4.339450 -0.197254 
180 0.029622 0.000000 -0.056966 112.673773 -0.000009 -9.448750 -0.278466 
181 0.087728 0.000000 -0.113932 106.842922 -0.000015 -6.753196 -0.146102 
182 0.116781 0.000000 0.028483 99.585225 0.000004 0.000363 0.008278 
183 0.087728 0.000000 0.028483 88.799771 0.000036 -2.059503 0.211036 
184 0.116781 0.000000 0.000000 99.587857 0.000004 0.000366 0.008226 
185 0.116781 0.000000 0.056966 91.498152 0.000032 -3.412123 0.161645 
186 -5.432292 0.000000 1.822917 99.446681 0.000000 -10.461789 0.000091 
187 -7.291667 0.000000 1.822917 99.449927 0.000000 -10.457927 0.000034 
188 -5.432292 0.000000 0.000000 99.453335 0.000000 -10.464079 -0.000046 
189 -5.432292 0.000000 3.645833 99.444150 0.000000 -10.457625 0.000150 
190 -2.643229 0.000000 0.911458 99.429365 0.000001 -10.487716 0.000381 
191 -3.572917 0.000000 0.911458 99.442617 0.000001 -10.474693 0.000145 
192 -2.643229 0.000000 0.000000 99.456603 0.000001 -10.497006 -0.000180 
193 -2.643229 0.000000 1.822917 99.419358 0.000001 -10.470216 0.000617 
194 -1.248698 0.000000 0.455729 99.356045 0.000004 -10.599235 0.001603 
195 -1.713542 0.000000 0.455729 99.411231 0.000003 -10.545018 0.000621 
196 -1.248698 0.000000 0.000000 99.466350 0.000004 -10.640203 -0.000677 
197 -1.248698 0.000000 0.911458 99.317266 0.000003 -10.525113 0.002530 
198 -0.551432 0.000000 0.227865 99.067923 0.000008 -11.040907 0.006364 
199 -0.783854 0.000000 0.227865 99.281701 0.000006 -10.823535 0.002599 
200 -0.551432 0.000000 0.000000 99.489332 0.000007 -11.212361 -0.002384 
201 -0.551432 0.000000 0.455729 98.928209 0.000008 -10.742372 0.009781 
202 -0.202799 0.000000 0.113932 97.953211 0.000011 -12.689013 0.024416 
203 -0.319010 0.000000 0.113932 98.755563 0.000010 -11.981828 0.010377 
204 -0.202799 0.000000 0.000000 99.522867 0.000009 -13.479254 -0.008649 
205 -0.202799 0.000000 0.227865 97.589264 0.000012 -11.536013 0.034326 
206 -0.028483 0.000000 0.056966 90.919135 0.000015 -16.695030 0.145499 
207 -0.086589 0.000000 0.056966 96.133187 0.000012 -15.879730 0.050624 
208 -0.028483 0.000000 0.000000 99.549295 0.000008 -29.040381 -0.075341 
209 -0.028483 0.000000 0.113932 93.120627 0.000017 -12.497396 0.117236 
210 0.058675 0.000000 0.028483 85.589469 0.000035 -3.313422 0.266346 
211 0.029622 0.000000 0.028483 81.020228 0.000026 -7.191118 0.338401 
212 0.058675 0.000000 0.000000 99.570672 0.000006 0.000312 0.008568 
213 0.058675 0.000000 0.056966 87.925688 0.000028 -6.148584 0.223127 
214 -5.432292 0.000000 -1.822917 99.459832 0.000000 -10.461461 -0.000170 
215 -7.291667 0.000000 -1.822917 99.455808 0.000000 -10.457767 -0.000082 
216 -5.432292 0.000000 -3.645833 99.461972 0.000000 -10.457122 -0.000204 
217 -2.643229 0.000000 -0.911458 99.483238 0.000001 -10.486492 -0.000688 
218 -3.572917 0.000000 -0.911458 99.466662 0.000001 -10.474131 -0.000332 
219 -2.643229 0.000000 -1.822917 99.491931 0.000001 -10.468279 -0.000823 
220 -1.248698 0.000000 -0.455729 99.575177 0.000003 -10.595543 -0.002748 
221 -1.713542 0.000000 -0.455729 99.509860 0.000002 -10.543207 -0.001337 
222 -1.248698 0.000000 -0.911458 99.610389 0.000003 -10.519026 -0.003288 
223 -0.551432 0.000000 -0.227865 99.908250 0.000006 -11.032561 -0.010338 
224 -0.783854 0.000000 -0.227865 99.673055 0.000005 -10.818723 -0.005176 
225 -0.551432 0.000000 -0.455729 100.041460 0.000006 -10.727717 -0.012338 
226 -0.202799 0.000000 -0.113932 101.090293 0.000007 -12.677144 -0.037996 
227 -0.319010 0.000000 -0.113932 100.259936 0.000007 -11.973563 -0.019542 
228 -0.202799 0.000000 -0.227865 101.448008 0.000005 -11.513753 -0.042426 
229 -0.028483 0.000000 -0.056966 108.178334 0.000001 -16.684471 -0.198092 
230 -0.086589 0.000000 -0.056966 102.941699 0.000005 -15.871173 -0.084889 
231 -0.028483 0.000000 -0.113932 105.973574 -0.000001 -12.476798 -0.138607 
232 0.000570 0.000000 0.028483 80.353286 0.000016 -18.387938 0.320523 
233 -0.028483 0.000000 0.028483 90.910334 0.000012 -22.320414 0.123711 
234 0.000570 0.000000 0.000000 99.557722 0.000007 0.000273 0.008826 
235 0.000570 0.000000 0.056966 87.316595 0.000018 -14.006891 0.217962 
236 0.058675 0.000000 -0.028483 113.549813 -0.000022 -3.305996 -0.290449 
237 0.029622 0.000000 -0.028483 118.104399 -0.000012 -7.184493 -0.400027 
238 0.058675 0.000000 -0.056966 111.212337 -0.000015 -6.133854 -0.240581 
239 0.087728 0.000000 -0.028483 110.355271 -0.000026 -2.051150 -0.218249 
240 0.044149 0.000000 0.014242 99.566658 0.000007 0.000287 0.008648 
241 0.029622 0.000000 0.014242 99.561575 0.000007 0.000269 0.008749 
242 0.044149 0.000000 0.000000 99.565523 0.000007 0.000282 0.008671 
243 0.058675 0.000000 0.014242 99.570672 0.000006 0.000312 0.008568 
244 0.044149 0.000000 0.028483 83.480780 0.000031 -4.696196 0.300891 
245 0.000570 0.000000 -0.028483 118.757706 -0.000001 -18.382013 -0.444129 
246 -0.028483 0.000000 -0.028483 108.187973 0.000004 -22.315100 -0.220260 
247 0.000570 0.000000 -0.056966 111.793441 -0.000003 -13.995121 -0.269364 
248 0.015096 0.000000 0.014242 99.559717 0.000007 0.000271 0.008786 
249 0.000570 0.000000 0.014242 99.558266 0.000007 0.000268 0.008815 
250 0.015096 0.000000 0.000000 99.560079 0.000007 0.000266 0.008779 
251 0.015096 0.000000 0.028483 79.052128 0.000021 -11.824862 0.361093 
252 0.291097 0.000000 0.028483 98.203232 0.000031 -2.020885 0.035204 
253 0.291097 0.000000 0.000000 99.653435 -0.000017 0.000583 0.006919 
254 0.320150 0.000000 0.028483 98.845716 0.000015 -2.713632 0.022216 
255 0.291097 0.000000 0.056966 97.728511 0.000033 -2.906080 0.044069 
256 0.291097 0.000000 -0.028483 101.106093 -0.000072 -1.995105 -0.022642 
257 0.291097 0.000000 -0.056966 101.572360 -0.000070 -2.860173 -0.032512 
258 0.320150 0.000000 -0.028483 100.494015 -0.000080 -2.677959 -0.010622 
259 0.276571 0.000000 0.014242 99.651751 -0.000017 0.000577 0.006953 
260 0.262044 0.000000 0.014242 99.647434 -0.000015 0.000570 0.007039 
261 0.276571 0.000000 0.000000 99.649305 -0.000016 0.000572 0.007002 
262 0.291097 0.000000 0.014242 99.651751 -0.000017 0.000577 0.006953 
263 0.276571 0.000000 0.028483 97.705052 0.000041 -1.753367 0.045065 
264 0.436361 0.000000 -0.056966 100.197687 -0.000139 -4.427675 -0.005918 
265 0.436361 0.000000 -0.113932 100.552366 -0.000094 -4.917759 -0.013496 
266 0.494466 0.000000 -0.056966 100.071979 -0.000175 -4.796309 -0.003741 
267 0.436361 0.000000 0.000000 99.731336 -0.000142 -4.189593 0.003611 
268 0.349202 0.000000 -0.028483 100.235895 -0.000095 -3.198801 -0.005747 
269 0.349202 0.000000 -0.056966 100.673386 -0.000090 -3.562308 -0.014782 
270 0.378255 0.000000 -0.028483 100.104342 -0.000116 -3.616925 -0.003396 
271 0.349202 0.000000 0.000000 99.689849 -0.000086 -3.038658 0.005270 
272 0.305623 0.000000 -0.014242 99.657699 -0.000020 0.000599 0.006834 
273 0.291097 0.000000 -0.014242 99.651751 -0.000017 0.000577 0.006953 
274 0.305623 0.000000 -0.028483 100.737164 -0.000075 -2.321978 -0.015337 
275 0.320150 0.000000 -0.014242 100.119093 -0.000062 -2.460601 -0.002989 
276 0.305623 0.000000 0.000000 99.654740 -0.000018 0.000586 0.006893 
277 0.174886 0.000000 -0.028483 99.606284 0.000001 0.000417 0.007859 
278 0.145833 0.000000 -0.028483 99.606284 0.000001 0.000417 0.007859 
279 0.174886 0.000000 -0.056966 105.088492 -0.000039 -2.619087 -0.105045 
280 0.436361 0.000000 0.056966 99.231963 -0.000027 -4.553204 0.013229 
281 0.494466 0.000000 0.056966 99.401411 -0.000054 -4.966397 0.009469 
282 0.436361 0.000000 0.113932 98.837727 -0.000005 -5.073347 0.020536 
283 0.349202 0.000000 0.028483 99.133699 -0.000000 -3.248183 0.016196 
284 0.378255 0.000000 0.028483 99.293826 -0.000018 -3.682869 0.012717 
285 0.349202 0.000000 0.056966 98.681162 0.000013 -3.632793 0.024883 
286 0.247518 0.000000 0.014242 99.635082 -0.000009 0.000548 0.007285 
287 0.247518 0.000000 0.000000 99.637045 -0.000010 0.000551 0.007246 
288 0.247518 0.000000 0.028483 96.662004 0.000061 -1.515453 0.065416 
289 0.116781 0.000000 -0.028483 99.585225 0.000004 0.000363 0.008278 
290 0.116781 0.000000 -0.056966 107.672149 -0.000024 -3.393459 -0.160481 
291 0.305623 0.000000 0.014242 99.657699 -0.000020 0.000599 0.006834 
292 0.320150 0.000000 0.014242 99.226039 -0.000005 -2.481838 0.014803 
293 0.305623 0.000000 0.028483 98.587335 0.000022 -2.352162 0.027500 
294 0.276571 0.000000 -0.014242 99.651751 -0.000017 0.000577 0.006953 
295 0.262044 0.000000 -0.014242 99.647434 -0.000015 0.000570 0.007039 
296 0.276571 0.000000 -0.028483 101.589521 -0.000074 -1.730914 -0.032343 
297 0.247518 0.000000 -0.014242 99.635082 -0.000009 0.000548 0.007285 
298 0.232992 0.000000 -0.014242 99.630557 -0.000007 0.000532 0.007375 
299 0.247518 0.000000 -0.028483 102.605242 -0.000080 -1.497393 -0.053008 
300 0.218465 0.000000 -0.014242 99.624447 -0.000005 0.000491 0.007497 
301 0.203939 0.000000 -0.014242 99.617261 -0.000003 0.000457 0.007640 
302 0.218465 0.000000 -0.028483 103.596464 -0.000072 -1.393950 -0.073417 
1 10 13 3 14 
2 11 10 14 9 
3 15 11 9 18 
4 16 15 18 4 
5 7 21 19 20 
6 21 2 22 19 
7 23 26 10 27 
8 24 23 27 11 
9 1 30 28 29 
10 30 7 20 28 
11 31 24 11 34 
12 32 31 34 15 
13 20 37 35 36 
14 37 19 38 35 
15 39 42 23 43 
16 40 39 43 24 
17 28 46 44 45 
18 46 20 36 44 
19 47 40 24 50 
20 48 47 50 31 
21 36 53 51 52 
22 53 35 54 51 
23 55 58 39 59 
24 56 55 59 40 
25 44 62 60 61 
26 62 36 52 60 
27 63 56 40 66 
28 64 63 66 47 
29 52 69 67 68 
30 69 51 70 67 
31 71 74 55 75 
32 72 71 75 56 
33 60 78 76 77 
34 78 52 68 76 
35 79 72 56 82 
36 80 79 82 63 
37 68 85 83 84 
38 85 67 86 83 
39 87 90 71 91 
40 88 87 91 72 
41 76 94 92 93 
42 94 68 84 92 
43 95 88 72 98 
44 96 95 98 79 
45 84 101 99 100 
46 101 83 102 99 
47 103 106 87 107 
48 104 103 107 88 
49 92 110 108 109 
50 110 84 100 108 
51 100 113 111 112 
52 113 99 114 111 
53 12 116 115 26 
54 116 8 117 115 
55 115 117 13 118 
56 26 115 118 10 
57 25 120 119 42 
58 120 12 121 119 
59 119 121 26 122 
60 42 119 122 23 
61 41 124 123 58 
62 124 25 125 123 
63 123 125 42 126 
64 58 123 126 39 
65 57 128 127 74 
66 128 41 129 127 
67 127 129 58 130 
68 74 127 130 55 
69 132 57 133 131 
70 131 133 74 134 
71 90 131 134 71 
72 135 137 90 138 
73 106 135 138 87 
74 139 142 106 143 
75 140 139 143 103 
76 144 104 88 147 
77 145 144 147 95 
78 5 150 148 149 
79 150 105 140 148 
80 148 140 103 151 
81 149 148 151 104 
82 19 153 152 38 
83 153 22 154 152 
84 152 154 8 116 
85 38 152 116 12 
86 35 156 155 54 
87 156 38 157 155 
88 155 157 12 120 
89 54 155 120 25 
90 51 159 158 70 
91 159 54 160 158 
92 158 160 25 124 
93 70 158 124 41 
94 67 162 161 86 
95 162 70 163 161 
96 161 163 41 128 
97 86 161 128 57 
98 83 165 164 102 
99 165 86 166 164 
100 164 166 57 132 
101 99 168 167 114 
102 168 102 169 167 
103 111 172 170 171 
104 172 114 173 170 
105 105 176 174 175 
106 176 141 177 174 
107 174 177 139 178 
108 175 174 178 140 
109 108 181 179 180 
110 181 100 112 179 
111 146 184 182 183 
112 184 5 149 182 
113 182 149 104 185 
114 183 182 185 144 
115 6 188 186 187 
116 188 17 32 186 
117 186 32 15 189 
118 187 186 189 16 
119 17 192 190 191 
120 192 33 48 190 
121 190 48 31 193 
122 191 190 193 32 
123 33 196 194 195 
124 196 49 64 194 
125 194 64 47 197 
126 195 194 197 48 
127 49 200 198 199 
128 200 65 80 198 
129 198 80 63 201 
130 199 198 201 64 
131 65 204 202 203 
132 204 81 96 202 
133 202 96 79 205 
134 203 202 205 80 
135 81 208 206 207 
136 206 145 95 209 
137 207 206 209 96 
138 212 146 183 210 
139 210 183 144 213 
140 211 210 213 145 
141 29 216 214 215 
142 216 28 45 214 
143 214 45 17 188 
144 215 214 188 6 
145 45 219 217 218 
146 219 44 61 217 
147 217 61 33 192 
148 218 217 192 17 
149 61 222 220 221 
150 222 60 77 220 
151 220 77 49 196 
152 221 220 196 33 
153 77 225 223 224 
154 225 76 93 223 
155 223 93 65 200 
156 224 223 200 49 
157 93 228 226 227 
158 228 92 109 226 
159 226 109 81 204 
160 227 226 204 65 
161 109 231 229 230 
162 231 108 180 229 
163 230 229 208 81 
164 208 234 232 233 
165 232 211 145 235 
166 233 232 235 206 
167 180 238 236 237 
168 238 179 239 236 
169 236 239 146 212 
170 237 236 212 97 
171 97 242 240 241 
172 242 212 243 240 
173 240 243 210 244 
174 241 240 244 211 
175 229 247 245 246 
176 247 180 237 245 
177 245 237 97 234 
178 246 245 234 208 
179 234 250 248 249 
180 250 97 241 248 
181 248 241 211 251 
182 249 248 251 232 
183 252 254 135 255 
184 142 252 255 106 
185 114 257 256 173 
186 257 167 258 256 
187 89 261 259 260 
188 261 253 262 259 
189 259 262 252 263 
190 260 259 263 142 
191 102 265 264 169 
192 265 164 266 264 
193 264 266 132 267 
194 169 264 267 73 
195 167 269 268 258 
196 269 169 270 268 
197 268 270 73 271 
198 258 268 271 136 
199 256 274 272 273 
200 274 258 275 272 
201 272 275 136 276 
202 273 272 276 253 
203 112 279 277 278 
204 279 111 171 277 
205 277 171 105 150 
206 278 277 150 5 
207 73 267 280 137 
208 267 132 281 280 
209 280 281 131 282 
210 137 280 282 90 
211 136 271 283 254 
212 271 73 284 283 
213 283 284 137 285 
214 254 283 285 135 
215 141 287 286 177 
216 287 89 260 286 
217 286 260 142 288 
218 177 286 288 139 
219 179 290 289 239 
220 290 112 278 289 
221 289 278 5 184 
222 239 289 184 146 
223 253 276 291 262 
224 276 136 292 291 
225 291 292 254 293 
226 262 291 293 252 
227 173 296 294 295 
228 296 256 273 294 
229 294 273 253 261 
230 295 294 261 89 
231 170 299 297 298 
232 299 173 295 297 
233 297 295 89 287 
234 298 297 287 141 
235 171 302 300 301 
236 302 170 298 300 
237 300 298 141 176 
238 301 300 176 105 
