2 0.000000 100.000000 5791.461216
302 238 
1 -7.291667 0.000000 -7.291667 99.033737 0.000000 -13.917549 -0.000138 
2 7.583333 0.000000 -7.291667 99.039413 0.000002 -13.863419 -0.000100 
3 7.583333 0.000000 7.291667 99.024290 0.000002 -13.886803 0.000135 
4 -7.291667 0.000000 7.291667 99.021404 0.000000 -13.918159 0.000105 
5 0.145833 0.000000 0.000000 99.281740 -0.000001 0.000860 0.014314 
6 -7.291667 0.000000 0.000000 99.027941 0.000000 -13.925910 -0.000046 
7 0.145833 0.000000 -7.291667 99.047108 0.000001 -13.896622 -0.000345 
8 7.583333 0.000000 0.000000 99.209084 0.000069 -12.603306 -0.000129 
9 0.145833 0.000000 7.291667 99.011433 0.000001 -13.901374 0.000349 
10 3.864583 0.000000 3.645833 99.016389 0.000006 -13.800938 0.000529 
11 0.145833 0.000000 3.645833 98.966309 0.000004 -13.849862 0.001385 
12 3.864583 0.000000 0.000000 99.458567 0.000037 -10.776822 -0.000815 
13 7.583333 0.000000 3.645833 99.031933 0.000006 -13.826998 0.000149 
14 3.864583 0.000000 7.291667 99.017755 0.000002 -13.888012 0.000261 
15 -3.572917 0.000000 3.645833 99.004616 0.000001 -13.922027 0.000426 
16 -7.291667 0.000000 3.645833 99.021705 0.000000 -13.921894 0.000088 
17 -3.572917 0.000000 0.000000 99.031353 0.000002 -13.950409 -0.000182 
18 -3.572917 0.000000 7.291667 99.015582 0.000001 -13.913678 0.000232 
19 3.864583 0.000000 -3.645833 99.074370 0.000009 -13.717850 -0.000391 
20 0.145833 0.000000 -3.645833 99.107136 0.000004 -13.831363 -0.001353 
21 3.864583 0.000000 -7.291667 99.043973 0.000001 -13.875316 -0.000223 
22 7.583333 0.000000 -3.645833 99.068536 0.000012 -13.649403 -0.000088 
23 2.005208 0.000000 1.822917 98.984671 0.000021 -13.487262 0.002013 
24 0.145833 0.000000 1.822917 98.792842 0.000012 -13.664376 0.005326 
25 2.005208 0.000000 0.000000 99.639487 -0.000114 -9.288636 -0.001431 
26 3.864583 0.000000 1.822917 99.048488 0.000021 -13.552794 0.000572 
27 2.005208 0.000000 3.645833 98.990842 0.000005 -13.804766 0.001024 
28 -3.572917 0.000000 -3.645833 99.054471 0.000001 -13.919882 -0.000555 
29 -7.291667 0.000000 -3.645833 99.034060 0.000000 -13.921408 -0.000155 
30 -3.572917 0.000000 -7.291667 99.040941 0.000000 -13.911946 -0.000265 
31 -1.713542 0.000000 1.822917 98.936526 0.000004 -13.932187 0.001746 
32 -3.572917 0.000000 1.822917 99.005556 0.000002 -13.937152 0.000366 
33 -1.713542 0.000000 0.000000 99.042158 0.000005 -14.057968 -0.000698 
34 -1.713542 0.000000 3.645833 98.981256 0.000002 -13.903899 0.000939 
35 2.005208 0.000000 -1.822917 99.196217 0.000017 -13.230418 -0.001493 
36 0.145833 0.000000 -1.822917 99.327574 0.000009 -13.607098 -0.005112 
37 2.005208 0.000000 -3.645833 99.092686 0.000007 -13.759570 -0.000869 
38 3.864583 0.000000 -1.822917 99.175963 0.000024 -12.965961 -0.000399 
39 1.075521 0.000000 0.911458 98.860455 0.000048 -12.506556 0.007020 
40 0.145833 0.000000 0.911458 98.212990 0.000027 -13.063212 0.018356 
41 1.075521 0.000000 0.000000 99.675598 -0.000257 -8.338927 -0.000476 
42 2.005208 0.000000 0.911458 99.084605 0.000053 -12.714899 0.002057 
43 1.075521 0.000000 1.822917 98.888497 0.000018 -13.502294 0.003875 
44 -1.713542 0.000000 -1.822917 99.138105 0.000004 -13.924288 -0.002225 
45 -3.572917 0.000000 -1.822917 99.055876 0.000002 -13.935428 -0.000626 
46 -1.713542 0.000000 -3.645833 99.082986 0.000002 -13.897735 -0.001059 
47 -0.783854 0.000000 0.911458 98.664441 0.000010 -13.982896 0.006981 
48 -1.713542 0.000000 0.911458 98.937671 0.000005 -14.000631 0.001532 
49 -0.783854 0.000000 0.000000 99.072646 0.000011 -14.487006 -0.002526 
50 -0.783854 0.000000 1.822917 98.844336 0.000007 -13.865576 0.003754 
51 1.075521 0.000000 -0.911458 99.548531 -0.000015 -11.965244 -0.005308 
52 0.145833 0.000000 -0.911458 100.029833 0.000006 -12.930721 -0.017317 
53 1.075521 0.000000 -1.822917 99.267681 0.000013 -13.356108 -0.003246 
54 2.005208 0.000000 -0.911458 99.412035 -0.000035 -11.566695 -0.001654 
55 0.610677 0.000000 0.455729 98.405851 0.000046 -10.607773 0.020376 
56 0.145833 0.000000 0.455729 96.682282 0.000040 -11.804335 0.051319 
57 0.610677 0.000000 0.000000 99.611162 -0.000383 -7.037413 0.002809 
58 1.075521 0.000000 0.455729 99.065489 0.000046 -10.952820 0.006606 
59 0.610677 0.000000 0.911458 98.541784 0.000040 -12.569529 0.013152 
60 -0.783854 0.000000 -0.911458 99.455512 0.000008 -13.960258 -0.008629 
61 -1.713542 0.000000 -0.911458 99.142958 0.000004 -13.994980 -0.002519 
62 -0.783854 0.000000 -1.822917 99.246131 0.000006 -13.845457 -0.004149 
63 -0.319010 0.000000 0.455729 97.714070 0.000021 -14.187349 0.025068 
64 -0.783854 0.000000 0.455729 98.663792 0.000011 -14.246793 0.006249 
65 -0.319010 0.000000 0.000000 99.126760 0.000015 -16.208797 -0.008884 
66 -0.319010 0.000000 0.911458 98.343169 0.000017 -13.721166 0.014035 
67 0.610677 0.000000 -0.455729 100.251906 -0.000081 -10.173663 -0.015395 
68 0.145833 0.000000 -0.455729 101.726777 -0.000013 -11.635706 -0.048373 
69 0.610677 0.000000 -0.911458 99.793195 -0.000003 -12.272798 -0.010930 
70 1.075521 0.000000 -0.455729 99.751929 -0.000165 -9.965571 -0.004976 
71 0.378255 0.000000 0.227865 97.231787 0.000038 -8.221791 0.047838 
72 0.145833 0.000000 0.227865 94.170163 0.000049 -9.838615 0.103518 
73 0.378255 0.000000 0.000000 99.474643 -0.000218 -4.685630 0.008284 
74 0.610677 0.000000 0.227865 98.691259 -0.000001 -8.896231 0.018089 
75 0.378255 0.000000 0.455729 97.605653 0.000045 -10.780406 0.035692 
76 -0.319010 0.000000 -0.455729 100.505779 0.000009 -14.141240 -0.030139 
77 -0.783854 0.000000 -0.455729 99.473325 0.000009 -14.231274 -0.009747 
78 -0.319010 0.000000 -0.911458 99.822950 0.000009 -13.667783 -0.015143 
79 -0.086589 0.000000 0.227865 94.882083 0.000031 -14.730746 0.078040 
80 -0.319010 0.000000 0.227865 97.664441 0.000020 -15.174527 0.023139 
81 -0.086589 0.000000 0.000000 99.178987 0.000014 -23.633088 -0.039499 
82 -0.086589 0.000000 0.455729 96.855163 0.000029 -13.386161 0.043989 
83 0.378255 0.000000 -0.227865 101.495038 -0.000102 -7.936236 -0.036423 
84 0.145833 0.000000 -0.227865 104.330533 -0.000038 -9.715569 -0.097925 
85 0.378255 0.000000 -0.455729 100.938939 -0.000042 -10.462909 -0.029814 
86 0.610677 0.000000 -0.227865 100.241498 -0.000195 -8.325054 -0.011766 
87 0.262044 0.000000 0.113932 95.497439 0.000065 -5.647816 0.084834 
88 0.145833 0.000000 0.113932 91.652113 0.000064 -6.851381 0.155295 
89 0.262044 0.000000 0.000000 99.373171 -0.000036 0.001265 0.012497 
90 0.378255 0.000000 0.113932 97.735467 0.000027 -6.282095 0.040831 
91 0.262044 0.000000 0.227865 95.796030 0.000049 -8.454529 0.075164 
92 -0.086589 0.000000 -0.227865 103.467234 -0.000001 -14.673497 -0.092078 
93 -0.319010 0.000000 -0.227865 100.579313 0.000010 -15.146725 -0.034562 
94 -0.086589 0.000000 -0.455729 101.442295 0.000003 -13.299265 -0.046741 
95 0.029622 0.000000 0.113932 88.654783 0.000045 -12.880584 0.197442 
96 -0.086589 0.000000 0.113932 93.750987 0.000028 -17.876421 0.089119 
97 0.029622 0.000000 0.000000 99.224126 0.000010 0.000649 0.015457 
98 0.029622 0.000000 0.227865 93.523098 0.000040 -12.506670 0.109701 
99 0.262044 0.000000 -0.113932 103.185656 -0.000109 -5.528088 -0.067784 
100 0.145833 0.000000 -0.113932 106.892318 -0.000062 -6.779845 -0.147193 
101 0.262044 0.000000 -0.227865 102.813658 -0.000066 -8.266108 -0.063898 
102 0.378255 0.000000 -0.113932 101.104858 -0.000170 -6.070974 -0.025905 
103 0.203939 0.000000 0.056966 93.363987 0.000094 -3.362284 0.127186 
104 0.145833 0.000000 0.056966 90.377976 0.000080 -3.867902 0.181686 
105 0.203939 0.000000 0.000000 99.320056 -0.000012 0.001025 0.013553 
106 0.262044 0.000000 0.056966 95.781443 0.000087 -3.510142 0.081359 
107 0.203939 0.000000 0.113932 93.715496 0.000069 -5.869202 0.118296 
108 0.029622 0.000000 -0.113932 109.780574 -0.000024 -12.835342 -0.221652 
109 -0.086589 0.000000 -0.113932 104.600946 0.000001 -17.846751 -0.125986 
110 0.029622 0.000000 -0.227865 104.885688 -0.000016 -12.425419 -0.115540 
111 0.203939 0.000000 -0.056966 105.264846 -0.000117 -3.313344 -0.109167 
112 0.145833 0.000000 -0.056966 108.179763 -0.000081 -3.830461 -0.171753 
113 0.203939 0.000000 -0.113932 104.894569 -0.000085 -5.777480 -0.103625 
114 0.262044 0.000000 -0.056966 102.930107 -0.000146 -3.442994 -0.060646 
115 5.723958 0.000000 1.822917 99.055253 0.000018 -13.631404 0.000224 
116 5.723958 0.000000 0.000000 99.306971 0.000074 -11.893495 -0.000333 
117 7.583333 0.000000 1.822917 99.053534 0.000015 -13.685409 0.000111 
118 5.723958 0.000000 3.645833 99.027737 0.000006 -13.813565 0.000269 
119 2.934896 0.000000 0.911458 99.120216 0.000051 -12.930249 0.000799 
120 2.934896 0.000000 0.000000 99.532703 -0.000014 -10.196390 -0.001073 
121 3.864583 0.000000 0.911458 99.125567 0.000048 -13.051442 0.000378 
122 2.934896 0.000000 1.822917 99.031394 0.000022 -13.508448 0.001030 
123 1.540365 0.000000 0.455729 99.227410 0.000054 -11.316341 0.002586 
124 1.540365 0.000000 0.000000 99.681879 -0.000187 -8.789817 -0.001374 
125 2.005208 0.000000 0.455729 99.264504 0.000064 -11.611354 0.001173 
126 1.540365 0.000000 0.911458 99.017516 0.000052 -12.599992 0.003677 
127 0.843099 0.000000 0.227865 99.144963 -0.000024 -9.418352 0.008157 
128 0.843099 0.000000 0.000000 99.662281 -0.000353 -7.874481 0.000542 
129 1.075521 0.000000 0.227865 99.313942 -0.000026 -9.798241 0.004074 
130 0.843099 0.000000 0.455729 98.847262 0.000045 -10.752852 0.011359 
131 0.494466 0.000000 0.113932 98.664811 -0.000029 -7.225489 0.021305 
132 0.494466 0.000000 0.000000 99.557694 -0.000316 -6.218839 0.004959 
133 0.610677 0.000000 0.113932 99.071051 -0.000078 -7.875481 0.012290 
134 0.494466 0.000000 0.227865 98.160137 0.000019 -8.519752 0.029200 
135 0.320150 0.000000 0.056966 97.593193 0.000054 -4.390563 0.045629 
136 0.320150 0.000000 0.000000 99.420139 -0.000391 -3.167987 0.010560 
137 0.378255 0.000000 0.056966 98.431036 0.000010 -5.314868 0.028308 
138 0.320150 0.000000 0.113932 96.860878 0.000050 -5.890841 0.058327 
139 0.232992 0.000000 0.028483 94.721000 0.000135 -1.946242 0.102414 
140 0.203939 0.000000 0.028483 93.317224 0.000128 -1.946497 0.128811 
141 0.232992 0.000000 0.000000 99.338764 -0.000019 0.001137 0.013181 
142 0.262044 0.000000 0.028483 96.073886 0.000105 -2.132054 0.076526 
143 0.232992 0.000000 0.056966 94.616952 0.000095 -3.351024 0.103640 
144 0.087728 0.000000 0.056966 86.251524 0.000068 -5.804578 0.252698 
145 0.029622 0.000000 0.056966 81.755875 0.000050 -12.604133 0.315711 
146 0.087728 0.000000 0.000000 99.252964 0.000005 0.000770 0.014885 
147 0.087728 0.000000 0.113932 89.559138 0.000056 -9.042987 0.189739 
148 0.174886 0.000000 0.028483 99.300424 -0.000005 0.000922 0.013943 
149 0.145833 0.000000 0.028483 99.300424 -0.000005 0.000922 0.013943 
150 0.174886 0.000000 0.000000 99.300925 -0.000005 0.000927 0.013933 
151 0.174886 0.000000 0.056966 91.987931 0.000088 -3.525362 0.152579 
152 5.723958 0.000000 -1.822917 99.209717 0.000019 -12.647011 -0.000251 
153 5.723958 0.000000 -3.645833 99.067662 0.000011 -13.687662 -0.000175 
154 7.583333 0.000000 -1.822917 99.283411 0.000000 -12.101924 -0.000365 
155 2.934896 0.000000 -0.911458 99.437386 -0.000069 -11.108166 -0.001119 
156 2.934896 0.000000 -1.822917 99.169525 0.000020 -13.131718 -0.000704 
157 3.864583 0.000000 -0.911458 99.536872 -0.000134 -10.325417 -0.001420 
158 1.540365 0.000000 -0.455729 99.691521 -0.000231 -9.545407 -0.002951 
159 1.540365 0.000000 -0.911458 99.441516 -0.000024 -11.768362 -0.002711 
160 2.005208 0.000000 -0.455729 99.706460 -0.000286 -9.198727 -0.002599 
161 0.843099 0.000000 -0.227865 99.920494 -0.000288 -8.493181 -0.005624 
162 0.843099 0.000000 -0.455729 99.905170 -0.000126 -10.058052 -0.008221 
163 1.075521 0.000000 -0.227865 99.828047 -0.000360 -8.500846 -0.003790 
164 0.494466 0.000000 -0.113932 100.319885 -0.000252 -6.876816 -0.011137 
165 0.494466 0.000000 -0.227865 100.677813 -0.000146 -8.104256 -0.020170 
166 0.610677 0.000000 -0.113932 100.029675 -0.000332 -7.359791 -0.006010 
167 0.320150 0.000000 -0.056966 101.211811 -0.000174 -4.290141 -0.026224 
168 0.320150 0.000000 -0.113932 101.900487 -0.000136 -5.731904 -0.041656 
169 0.378255 0.000000 -0.056966 100.467783 -0.000225 -5.161250 -0.012041 
170 0.232992 0.000000 -0.028483 103.954526 -0.000177 -1.917006 -0.081022 
171 0.203939 0.000000 -0.028483 105.316906 -0.000153 -1.921550 -0.109534 
172 0.232992 0.000000 -0.056966 104.051658 -0.000134 -3.294198 -0.083760 
173 0.262044 0.000000 -0.028483 102.647473 -0.000169 -2.096689 -0.054090 
174 0.218465 0.000000 0.014242 99.332643 -0.000016 0.001089 0.013303 
175 0.203939 0.000000 0.014242 99.319897 -0.000012 0.001015 0.013556 
176 0.218465 0.000000 0.000000 99.324838 -0.000013 0.001049 0.013458 
177 0.232992 0.000000 0.014242 99.343480 -0.000021 0.001167 0.013087 
178 0.218465 0.000000 0.028483 94.029870 0.000134 -1.880112 0.115485 
179 0.087728 0.000000 -0.056966 112.244665 -0.000055 -5.775268 -0.263222 
180 0.029622 0.000000 -0.056966 116.686961 -0.000029 -12.580840 -0.377412 
181 0.087728 0.000000 -0.113932 108.927210 -0.000042 -8.986396 -0.194589 
182 0.116781 0.000000 0.028483 99.263055 0.000003 0.000798 0.014685 
183 0.087728 0.000000 0.028483 84.892316 0.000081 -2.744242 0.278576 
184 0.116781 0.000000 0.000000 99.267726 0.000002 0.000810 0.014592 
185 0.116781 0.000000 0.056966 88.489316 0.000073 -4.548029 0.214896 
186 -5.432292 0.000000 1.822917 99.019930 0.000001 -13.929317 0.000103 
187 -7.291667 0.000000 1.822917 99.024088 0.000000 -13.924127 0.000035 
188 -5.432292 0.000000 0.000000 99.028842 0.000001 -13.932297 -0.000082 
189 -5.432292 0.000000 3.645833 99.016463 0.000001 -13.923802 0.000187 
190 -2.643229 0.000000 0.911458 98.998180 0.000003 -13.964109 0.000436 
191 -3.572917 0.000000 0.911458 99.015121 0.000002 -13.946585 0.000150 
192 -2.643229 0.000000 0.000000 99.034645 0.000003 -13.976224 -0.000320 
193 -2.643229 0.000000 1.822917 98.984529 0.000002 -13.940935 0.000771 
194 -1.248698 0.000000 0.455729 98.904557 0.000007 -14.113388 0.001870 
195 -1.713542 0.000000 0.455729 98.975888 0.000005 -14.040653 0.000663 
196 -1.248698 0.000000 0.000000 99.051955 0.000007 -14.167168 -0.001200 
197 -1.248698 0.000000 0.911458 98.852011 0.000007 -14.015128 0.003186 
198 -0.551432 0.000000 0.227865 98.530578 0.000015 -14.703218 0.007554 
199 -0.783854 0.000000 0.227865 98.810713 0.000011 -14.412659 0.002872 
200 -0.551432 0.000000 0.000000 99.092771 0.000013 -14.929801 -0.004228 
201 -0.551432 0.000000 0.455729 98.342776 0.000015 -14.306849 0.012401 
202 -0.202799 0.000000 0.113932 97.060584 0.000022 -16.900217 0.029363 
203 -0.319010 0.000000 0.113932 98.123245 0.000018 -15.957038 0.011720 
204 -0.202799 0.000000 0.000000 99.152337 0.000016 -17.950230 -0.015340 
205 -0.202799 0.000000 0.227865 96.573971 0.000025 -15.366591 0.043734 
206 -0.028483 0.000000 0.056966 87.703528 0.000030 -22.236930 0.181361 
207 -0.086589 0.000000 0.056966 94.643495 0.000023 -21.150007 0.059529 
208 -0.028483 0.000000 0.000000 99.199271 0.000013 -38.677855 -0.133647 
209 -0.028483 0.000000 0.113932 90.634503 0.000035 -16.647918 0.150823 
210 0.058675 0.000000 0.028483 80.613319 0.000077 -4.414087 0.348201 
211 0.029622 0.000000 0.028483 74.524632 0.000057 -9.578544 0.435433 
212 0.058675 0.000000 0.000000 99.237223 0.000008 0.000705 0.015197 
213 0.058675 0.000000 0.056966 83.724553 0.000060 -8.191606 0.292310 
214 -5.432292 0.000000 -1.822917 99.037475 0.000001 -13.928734 -0.000243 
215 -7.291667 0.000000 -1.822917 99.031936 0.000000 -13.923844 -0.000120 
216 -5.432292 0.000000 -3.645833 99.040248 0.000001 -13.922909 -0.000282 
217 -2.643229 0.000000 -0.911458 99.070043 0.000003 -13.961941 -0.000981 
218 -3.572917 0.000000 -0.911458 99.047198 0.000002 -13.945589 -0.000483 
219 -2.643229 0.000000 -1.822917 99.081366 0.000002 -13.937502 -0.001137 
220 -1.248698 0.000000 -0.455729 99.196735 0.000007 -14.106847 -0.003900 
221 -1.713542 0.000000 -0.455729 99.107408 0.000005 -14.037445 -0.001933 
222 -1.248698 0.000000 -0.911458 99.242960 0.000006 -14.004342 -0.004529 
223 -0.551432 0.000000 -0.227865 99.650553 0.000011 -14.688434 -0.014598 
224 -0.783854 0.000000 -0.227865 99.332372 0.000010 -14.404134 -0.007440 
225 -0.551432 0.000000 -0.455729 99.826828 0.000010 -14.280882 -0.016934 
226 -0.202799 0.000000 -0.113932 101.240137 0.000010 -16.879187 -0.053447 
227 -0.319010 0.000000 -0.113932 100.127735 0.000012 -15.942396 -0.027972 
228 -0.202799 0.000000 -0.227865 101.715710 0.000007 -15.327150 -0.058101 
229 -0.028483 0.000000 -0.056966 110.693029 -0.000005 -22.218223 -0.274660 
230 -0.086589 0.000000 -0.056966 103.712957 0.000006 -21.134847 -0.120306 
231 -0.028483 0.000000 -0.113932 107.756268 -0.000009 -16.611426 -0.188735 
232 0.000570 0.000000 0.028483 73.633765 0.000033 -24.491332 0.397824 
233 -0.028483 0.000000 0.028483 87.692349 0.000024 -29.728489 0.142627 
234 0.000570 0.000000 0.000000 99.214233 0.000011 0.000647 0.015654 
235 0.000570 0.000000 0.056966 82.907770 0.000038 -18.657125 0.277821 
236 0.058675 0.000000 -0.028483 117.857469 -0.000061 -4.400933 -0.390975 
237 0.029622 0.000000 -0.028483 123.920140 -0.000037 -9.566810 -0.544772 
238 0.058675 0.000000 -0.056966 114.744010 -0.000044 -8.165514 -0.323286 
239 0.087728 0.000000 -0.028483 113.606445 -0.000070 -2.729449 -0.291387 
240 0.044149 0.000000 0.014242 99.230099 0.000009 0.000651 0.015339 
241 0.029622 0.000000 0.014242 99.221073 0.000010 0.000619 0.015518 
242 0.044149 0.000000 0.000000 99.228083 0.000010 0.000641 0.015379 
243 0.058675 0.000000 0.014242 99.237223 0.000008 0.000705 0.015197 
244 0.044149 0.000000 0.028483 77.803263 0.000069 -6.255673 0.390752 
245 0.000570 0.000000 -0.028483 124.786800 -0.000010 -24.480835 -0.617106 
246 -0.028483 0.000000 -0.028483 110.705693 0.000002 -29.719076 -0.313897 
247 0.000570 0.000000 -0.056966 115.511103 -0.000015 -18.636276 -0.369013 
248 0.015096 0.000000 0.014242 99.217775 0.000011 0.000632 0.015583 
249 0.000570 0.000000 0.014242 99.215198 0.000011 0.000629 0.015634 
250 0.015096 0.000000 0.000000 99.218417 0.000011 0.000616 0.015571 
251 0.015096 0.000000 0.028483 71.901987 0.000044 -15.750111 0.458204 
252 0.291097 0.000000 0.028483 97.450936 0.000060 -2.698499 0.049603 
253 0.291097 0.000000 0.000000 99.384044 -0.000041 0.001334 0.012281 
254 0.320150 0.000000 0.028483 98.313436 0.000031 -3.624770 0.032133 
255 0.291097 0.000000 0.056966 96.815792 0.000072 -3.882115 0.061163 
256 0.291097 0.000000 -0.028483 101.321463 -0.000155 -2.652854 -0.027308 
257 0.291097 0.000000 -0.056966 101.941640 -0.000158 -3.800849 -0.040654 
258 0.320150 0.000000 -0.028483 100.512824 -0.000167 -3.561612 -0.011551 
259 0.276571 0.000000 0.014242 99.381058 -0.000040 0.001308 0.012341 
260 0.262044 0.000000 0.014242 99.373403 -0.000036 0.001269 0.012493 
261 0.276571 0.000000 0.000000 99.376721 -0.000038 0.001291 0.012427 
262 0.291097 0.000000 0.014242 99.381058 -0.000040 0.001308 0.012341 
263 0.276571 0.000000 0.028483 96.783929 0.000081 -2.340963 0.062739 
264 0.436361 0.000000 -0.056966 100.142206 -0.000291 -5.876776 -0.006300 
265 0.436361 0.000000 -0.113932 100.607829 -0.000209 -6.521149 -0.016446 
266 0.494466 0.000000 -0.056966 99.986796 -0.000360 -6.360093 -0.003781 
267 0.436361 0.000000 0.000000 99.520408 -0.000260 -5.601527 0.006431 
268 0.349202 0.000000 -0.028483 100.175979 -0.000193 -4.253916 -0.005332 
269 0.349202 0.000000 -0.056966 100.756708 -0.000197 -4.732823 -0.017431 
270 0.378255 0.000000 -0.028483 100.007691 -0.000228 -4.808940 -0.002466 
271 0.349202 0.000000 0.000000 99.448384 -0.000238 -4.053047 0.009359 
272 0.305623 0.000000 -0.014242 99.391603 -0.000045 0.001390 0.012131 
273 0.291097 0.000000 -0.014242 99.381058 -0.000040 0.001308 0.012341 
274 0.305623 0.000000 -0.028483 100.833298 -0.000158 -3.087926 -0.017689 
275 0.320150 0.000000 -0.014242 100.013772 -0.000109 -3.275467 -0.001348 
276 0.305623 0.000000 0.000000 99.386356 -0.000042 0.001348 0.012235 
277 0.174886 0.000000 -0.028483 99.300424 -0.000005 0.000922 0.013943 
278 0.145833 0.000000 -0.028483 99.300424 -0.000005 0.000922 0.013943 
279 0.174886 0.000000 -0.056966 106.604031 -0.000099 -3.482727 -0.137655 
280 0.436361 0.000000 0.056966 98.843281 -0.000040 -6.098788 0.019281 
281 0.494466 0.000000 0.056966 99.076117 -0.000089 -6.660706 0.013956 
282 0.436361 0.000000 0.113932 98.307784 -0.000000 -6.796297 0.028939 
283 0.349202 0.000000 0.028483 98.703132 0.000005 -4.341291 0.023884 
284 0.378255 0.000000 0.028483 98.921938 -0.000026 -4.925410 0.019019 
285 0.349202 0.000000 0.056966 98.095815 0.000033 -4.857574 0.035362 
286 0.247518 0.000000 0.014242 99.351504 -0.000025 0.001200 0.012928 
287 0.247518 0.000000 0.000000 99.354984 -0.000026 0.001202 0.012859 
288 0.247518 0.000000 0.028483 95.388293 0.000125 -2.022601 0.089698 
289 0.116781 0.000000 -0.028483 99.263055 0.000003 0.000798 0.014685 
290 0.116781 0.000000 -0.056966 110.036532 -0.000067 -4.514975 -0.212842 
291 0.305623 0.000000 0.014242 99.391603 -0.000045 0.001390 0.012131 
292 0.320150 0.000000 0.014242 98.822037 -0.000023 -3.313060 0.022323 
293 0.305623 0.000000 0.028483 97.965985 0.000044 -3.141368 0.039280 
294 0.276571 0.000000 -0.014242 99.381058 -0.000040 0.001308 0.012341 
295 0.262044 0.000000 -0.014242 99.373403 -0.000036 0.001269 0.012493 
296 0.276571 0.000000 -0.028483 101.962326 -0.000160 -2.301210 -0.040161 
297 0.247518 0.000000 -0.014242 99.351504 -0.000025 0.001200 0.012928 
298 0.232992 0.000000 -0.014242 99.343480 -0.000021 0.001167 0.013087 
299 0.247518 0.000000 -0.028483 103.309524 -0.000178 -1.990625 -0.067682 
300 0.218465 0.000000 -0.014242 99.332643 -0.000016 0.001089 0.013303 
301 0.203939 0.000000 -0.014242 99.319897 -0.000012 0.001015 0.013556 
302 0.218465 0.000000 -0.028483 104.624474 -0.000167 -1.853177 -0.094971 
1 10 13 3 14 
2 11 10 14 9 
3 15 11 9 18 
4 16 15 18 4 
5 7 21 19 20 
6 21 2 22 19 
7 23 26 10 27 
8 24 23 27 11 
9 1 30 28 29 
10 30 7 20 28 
11 31 24 11 34 
12 32 31 34 15 
13 20 37 35 36 
14 37 19 38 35 
15 39 42 23 43 
16 40 39 43 24 
17 28 46 44 45 
18 46 20 36 44 
19 47 40 24 50 
20 48 47 50 31 
21 36 53 51 52 
22 53 35 54 51 
23 55 58 39 59 
24 56 55 59 40 
25 44 62 60 61 
26 62 36 52 60 
27 63 56 40 66 
28 64 63 66 47 
29 52 69 67 68 
30 69 51 70 67 
31 71 74 55 75 
32 72 71 75 56 
33 60 78 76 77 
34 78 52 68 76 
35 79 72 56 82 
36 80 79 82 63 
37 68 85 83 84 
38 85 67 86 83 
39 87 90 71 91 
40 88 87 91 72 
41 76 94 92 93 
42 94 68 84 92 
43 95 88 72 98 
44 96 95 98 79 
45 84 101 99 100 
46 101 83 102 99 
47 103 106 87 107 
48 104 103 107 88 
49 92 110 108 109 
50 110 84 100 108 
51 100 113 111 112 
52 113 99 114 111 
53 12 116 115 26 
54 116 8 117 115 
55 115 117 13 118 
56 26 115 118 10 
57 25 120 119 42 
58 120 12 121 119 
59 119 121 26 122 
60 42 119 122 23 
61 41 124 123 58 
62 124 25 125 123 
63 123 125 42 126 
64 58 123 126 39 
65 57 128 127 74 
66 128 41 129 127 
67 127 129 58 130 
68 74 127 130 55 
69 132 57 133 131 
70 131 133 74 134 
71 90 131 134 71 
72 135 137 90 138 
73 106 135 138 87 
74 139 142 106 143 
75 140 139 143 103 
76 144 104 88 147 
77 145 144 147 95 
78 5 150 148 149 
79 150 105 140 148 
80 148 140 103 151 
81 149 148 151 104 
82 19 153 152 38 
83 153 22 154 152 
84 152 154 8 116 
85 38 152 116 12 
86 35 156 155 54 
87 156 38 157 155 
88 155 157 12 120 
89 54 155 120 25 
90 51 159 158 70 
91 159 54 160 158 
92 158 160 25 124 
93 70 158 124 41 
94 67 162 161 86 
95 162 70 163 161 
96 161 163 41 128 
97 86 161 128 57 
98 83 165 164 102 
99 165 86 166 164 
100 164 166 57 132 
101 99 168 167 114 
102 168 102 169 167 
103 111 172 170 171 
104 172 114 173 170 
105 105 176 174 175 
106 176 141 177 174 
107 174 177 139 178 
108 175 174 178 140 
109 108 181 179 180 
110 181 100 112 179 
111 146 184 182 183 
112 184 5 149 182 
113 182 149 104 185 
114 183 182 185 144 
115 6 188 186 187 
116 188 17 32 186 
117 186 32 15 189 
118 187 186 189 16 
119 17 192 190 191 
120 192 33 48 190 
121 190 48 31 193 
122 191 190 193 32 
123 33 196 194 195 
124 196 49 64 194 
125 194 64 47 197 
126 195 194 197 48 
127 49 200 198 199 
128 200 65 80 198 
129 198 80 63 201 
130 199 198 201 64 
131 65 204 202 203 
132 204 81 96 202 
133 202 96 79 205 
134 203 202 205 80 
135 81 208 206 207 
136 206 145 95 209 
137 207 206 209 96 
138 212 146 183 210 
139 210 183 144 213 
140 211 210 213 145 
141 29 216 214 215 
142 216 28 45 214 
143 214 45 17 188 
144 215 214 188 6 
145 45 219 217 218 
146 219 44 61 217 
147 217 61 33 192 
148 218 217 192 17 
149 61 222 220 221 
150 222 60 77 220 
151 220 77 49 196 
152 221 220 196 33 
153 77 225 223 224 
154 225 76 93 223 
155 223 93 65 200 
156 224 223 200 49 
157 93 228 226 227 
158 228 92 109 226 
159 226 109 81 204 
160 227 226 204 65 
161 109 231 229 230 
162 231 108 180 229 
163 230 229 208 81 
164 208 234 232 233 
165 232 211 145 235 
166 233 232 235 206 
167 180 238 236 237 
168 238 179 239 236 
169 236 239 146 212 
170 237 236 212 97 
171 97 242 240 241 
172 242 212 243 240 
173 240 243 210 244 
174 241 240 244 211 
175 229 247 245 246 
176 247 180 237 245 
177 245 237 97 234 
178 246 245 234 208 
179 234 250 248 249 
180 250 97 241 248 
181 248 241 211 251 
182 249 248 251 232 
183 252 254 135 255 
184 142 252 255 106 
185 114 257 256 173 
186 257 167 258 256 
187 89 261 259 260 
188 261 253 262 259 
189 259 262 252 263 
190 260 259 263 142 
191 102 265 264 169 
192 265 164 266 264 
193 264 266 132 267 
194 169 264 267 73 
195 167 269 268 258 
196 269 169 270 268 
197 268 270 73 271 
198 258 268 271 136 
199 256 274 272 273 
200 274 258 275 272 
201 272 275 136 276 
202 273 272 276 253 
203 112 279 277 278 
204 279 111 171 277 
205 277 171 105 150 
206 278 277 150 5 
207 73 267 280 137 
208 267 132 281 280 
209 280 281 131 282 
210 137 280 282 90 
211 136 271 283 254 
212 271 73 284 283 
213 283 284 137 285 
214 254 283 285 135 
215 141 287 286 177 
216 287 89 260 286 
217 286 260 142 288 
218 177 286 288 139 
219 179 290 289 239 
220 290 112 278 289 
221 289 278 5 184 
222 239 289 184 146 
223 253 276 291 262 
224 276 136 292 291 
225 291 292 254 293 
226 262 291 293 252 
227 173 296 294 295 
228 296 256 273 294 
229 294 273 253 261 
230 295 294 261 89 
231 170 299 297 298 
232 299 173 295 297 
233 297 295 89 287 
234 298 297 287 141 
235 171 302 300 301 
236 302 170 298 300 
237 300 298 141 176 
238 301 300 176 105 
