2 0.000000 100.000000 5791.461216
271 211 
1 -7.291667 0.000000 -7.291667 100.000000 0.000000 0.000000 -0.000000 
2 7.583333 0.000000 -7.291667 100.000000 0.000000 -0.000000 -0.000000 
3 7.583333 0.000000 7.291667 100.000000 0.000000 -0.000000 -0.000000 
4 -7.291667 0.000000 7.291667 100.000000 0.000000 0.000000 -0.000000 
5 0.145833 0.000000 0.000000 100.000000 -0.000000 -0.000000 -0.000000 
6 -7.291667 0.000000 0.000000 100.000000 0.000000 0.000000 -0.000000 
7 0.145833 0.000000 -7.291667 100.000000 0.000000 -0.000000 -0.000000 
8 7.583333 0.000000 0.000000 100.000000 -0.000000 -0.000000 -0.000000 
9 0.145833 0.000000 7.291667 100.000000 0.000000 -0.000000 -0.000000 
10 3.864583 0.000000 3.645833 100.000000 0.000000 -0.000000 -0.000000 
11 0.145833 0.000000 3.645833 100.000000 0.000000 -0.000000 -0.000000 
12 3.864583 0.000000 0.000000 100.000000 0.000000 -0.000000 -0.000000 
13 7.583333 0.000000 3.645833 100.000000 0.000000 -0.000000 -0.000000 
14 3.864583 0.000000 7.291667 100.000000 0.000000 -0.000000 -0.000000 
15 -3.572917 0.000000 3.645833 100.000000 0.000000 0.000000 -0.000000 
16 -7.291667 0.000000 3.645833 100.000000 0.000000 0.000000 -0.000000 
17 -3.572917 0.000000 0.000000 100.000000 0.000000 0.000000 -0.000000 
18 -3.572917 0.000000 7.291667 100.000000 0.000000 -0.000000 -0.000000 
19 3.864583 0.000000 -3.645833 100.000000 0.000000 -0.000000 -0.000000 
20 0.145833 0.000000 -3.645833 100.000000 0.000000 -0.000000 -0.000000 
21 3.864583 0.000000 -7.291667 100.000000 0.000000 -0.000000 -0.000000 
22 7.583333 0.000000 -3.645833 100.000000 0.000000 -0.000000 -0.000000 
23 2.005208 0.000000 1.822917 100.000000 0.000000 -0.000000 -0.000000 
24 0.145833 0.000000 1.822917 100.000000 0.000000 -0.000000 -0.000000 
25 2.005208 0.000000 0.000000 100.000000 0.000000 -0.000000 -0.000000 
26 3.864583 0.000000 1.822917 100.000000 0.000000 -0.000000 -0.000000 
27 2.005208 0.000000 3.645833 100.000000 0.000000 -0.000000 -0.000000 
28 -3.572917 0.000000 -3.645833 100.000000 0.000000 0.000000 -0.000000 
29 -7.291667 0.000000 -3.645833 100.000000 0.000000 0.000000 -0.000000 
30 -3.572917 0.000000 -7.291667 100.000000 0.000000 -0.000000 -0.000000 
31 -1.713542 0.000000 1.822917 100.000000 0.000000 0.000000 -0.000000 
32 -3.572917 0.000000 1.822917 100.000000 0.000000 0.000000 -0.000000 
33 -1.713542 0.000000 0.000000 100.000000 0.000000 0.000000 -0.000000 
34 -1.713542 0.000000 3.645833 100.000000 0.000000 -0.000000 -0.000000 
35 2.005208 0.000000 -1.822917 100.000000 0.000000 -0.000000 -0.000000 
36 0.145833 0.000000 -1.822917 100.000000 0.000000 -0.000000 -0.000000 
37 2.005208 0.000000 -3.645833 100.000000 0.000000 -0.000000 -0.000000 
38 3.864583 0.000000 -1.822917 100.000000 0.000000 -0.000000 -0.000000 
39 1.075521 0.000000 0.911458 100.000000 0.000000 -0.000000 -0.000000 
40 0.145833 0.000000 0.911458 100.000000 0.000000 -0.000000 -0.000000 
41 1.075521 0.000000 0.000000 100.000000 0.000000 -0.000000 -0.000000 
42 2.005208 0.000000 0.911458 100.000000 0.000000 -0.000000 -0.000000 
43 1.075521 0.000000 1.822917 100.000000 0.000000 -0.000000 -0.000000 
44 -1.713542 0.000000 -1.822917 100.000000 0.000000 0.000000 -0.000000 
45 -3.572917 0.000000 -1.822917 100.000000 0.000000 0.000000 -0.000000 
46 -1.713542 0.000000 -3.645833 100.000000 0.000000 -0.000000 -0.000000 
47 -0.783854 0.000000 0.911458 100.000000 0.000000 0.000000 -0.000000 
48 -1.713542 0.000000 0.911458 100.000000 0.000000 0.000000 -0.000000 
49 -0.783854 0.000000 0.000000 100.000000 0.000000 0.000000 -0.000000 
50 -0.783854 0.000000 1.822917 100.000000 0.000000 -0.000000 -0.000000 
51 1.075521 0.000000 -0.911458 100.000000 0.000000 -0.000000 -0.000000 
52 0.145833 0.000000 -0.911458 100.000000 0.000000 -0.000000 -0.000000 
53 1.075521 0.000000 -1.822917 100.000000 0.000000 -0.000000 -0.000000 
54 2.005208 0.000000 -0.911458 100.000000 0.000000 -0.000000 -0.000000 
55 0.610677 0.000000 0.455729 100.000000 -0.000000 -0.000000 -0.000000 
56 0.145833 0.000000 0.455729 100.000000 0.000000 -0.000000 -0.000000 
57 0.610677 0.000000 0.000000 100.000000 0.000000 -0.000000 -0.000000 
58 1.075521 0.000000 0.455729 100.000000 -0.000000 -0.000000 -0.000000 
59 0.610677 0.000000 0.911458 100.000000 0.000000 -0.000000 -0.000000 
60 -0.783854 0.000000 -0.911458 100.000000 0.000000 0.000000 -0.000000 
61 -1.713542 0.000000 -0.911458 100.000000 0.000000 0.000000 -0.000000 
62 -0.783854 0.000000 -1.822917 100.000000 0.000000 -0.000000 -0.000000 
63 -0.319010 0.000000 0.455729 100.000000 0.000000 0.000000 -0.000000 
64 -0.783854 0.000000 0.455729 100.000000 0.000000 0.000000 -0.000000 
65 -0.319010 0.000000 0.000000 100.000000 0.000000 0.000000 -0.000000 
66 -0.319010 0.000000 0.911458 100.000000 0.000000 -0.000000 -0.000000 
67 0.610677 0.000000 -0.455729 100.000000 -0.000000 -0.000000 0.000000 
68 0.145833 0.000000 -0.455729 100.000000 -0.000000 -0.000000 0.000000 
69 0.610677 0.000000 -0.911458 100.000000 0.000000 -0.000000 -0.000000 
70 1.075521 0.000000 -0.455729 100.000000 -0.000000 -0.000000 -0.000000 
71 0.378255 0.000000 0.227865 100.000000 -0.000000 -0.000000 -0.000000 
72 0.145833 0.000000 0.227865 100.000000 0.000000 -0.000000 -0.000000 
73 0.378255 0.000000 0.000000 100.000000 0.000000 -0.000000 -0.000000 
74 0.610677 0.000000 0.227865 100.000000 -0.000000 -0.000000 -0.000000 
75 0.378255 0.000000 0.455729 100.000000 -0.000000 -0.000000 -0.000000 
76 -0.319010 0.000000 -0.455729 100.000000 0.000000 0.000000 0.000000 
77 -0.783854 0.000000 -0.455729 100.000000 0.000000 0.000000 -0.000000 
78 -0.319010 0.000000 -0.911458 100.000000 0.000000 -0.000000 -0.000000 
79 -0.086589 0.000000 0.227865 100.000000 0.000000 0.000000 -0.000000 
80 -0.319010 0.000000 0.227865 100.000000 0.000000 0.000000 -0.000000 
81 -0.086589 0.000000 0.000000 100.000000 -0.000000 0.000000 -0.000000 
82 -0.086589 0.000000 0.455729 100.000000 0.000000 -0.000000 -0.000000 
83 0.378255 0.000000 -0.227865 100.000000 -0.000000 -0.000000 0.000000 
84 0.145833 0.000000 -0.227865 100.000000 -0.000000 -0.000000 0.000000 
85 0.378255 0.000000 -0.455729 100.000000 -0.000000 -0.000000 0.000000 
86 0.610677 0.000000 -0.227865 100.000000 -0.000000 -0.000000 0.000000 
87 0.262044 0.000000 0.113932 100.000000 0.000000 -0.000000 -0.000000 
88 0.145833 0.000000 0.113932 100.000000 0.000000 -0.000000 -0.000000 
89 0.262044 0.000000 0.000000 100.000000 -0.000000 0.000000 -0.000000 
90 0.378255 0.000000 0.113932 100.000000 -0.000000 -0.000000 -0.000000 
91 0.262044 0.000000 0.227865 100.000000 -0.000000 -0.000000 -0.000000 
92 -0.086589 0.000000 -0.227865 100.000000 -0.000000 0.000000 0.000000 
93 -0.319010 0.000000 -0.227865 100.000000 0.000000 0.000000 0.000000 
94 -0.086589 0.000000 -0.455729 100.000000 -0.000000 -0.000000 0.000000 
95 0.029622 0.000000 0.113932 100.000000 0.000000 0.000000 -0.000000 
96 -0.086589 0.000000 0.113932 100.000000 0.000000 0.000000 -0.000000 
97 0.029622 0.000000 0.000000 100.000000 -0.000000 0.000000 -0.000000 
98 0.029622 0.000000 0.227865 100.000000 0.000000 -0.000000 -0.000000 
99 0.262044 0.000000 -0.113932 100.000000 -0.000000 -0.000000 0.000000 
100 0.145833 0.000000 -0.113932 100.000000 -0.000000 -0.000000 0.000000 
101 0.262044 0.000000 -0.227865 100.000000 -0.000000 -0.000000 0.000000 
102 0.378255 0.000000 -0.113932 100.000000 -0.000000 -0.000000 0.000000 
103 0.203939 0.000000 0.056966 100.000000 0.000000 -0.000000 -0.000000 
104 0.145833 0.000000 0.056966 100.000000 0.000000 -0.000000 -0.000000 
105 0.203939 0.000000 0.000000 100.000000 -0.000000 -0.000000 -0.000000 
106 0.262044 0.000000 0.056966 100.000000 0.000000 -0.000000 -0.000000 
107 0.203939 0.000000 0.113932 100.000000 0.000000 -0.000000 -0.000000 
108 0.029622 0.000000 -0.113932 100.000000 -0.000000 0.000000 0.000000 
109 -0.086589 0.000000 -0.113932 100.000000 -0.000000 0.000000 0.000000 
110 0.029622 0.000000 -0.227865 100.000000 -0.000000 -0.000000 0.000000 
111 0.203939 0.000000 -0.056966 100.000000 -0.000000 -0.000000 0.000000 
112 0.145833 0.000000 -0.056966 100.000000 -0.000000 -0.000000 0.000000 
113 0.203939 0.000000 -0.113932 100.000000 -0.000000 -0.000000 0.000000 
114 0.262044 0.000000 -0.056966 100.000000 -0.000000 -0.000000 0.000000 
115 5.723958 0.000000 1.822917 100.000000 0.000000 -0.000000 -0.000000 
116 5.723958 0.000000 0.000000 100.000000 -0.000000 -0.000000 -0.000000 
117 7.583333 0.000000 1.822917 100.000000 0.000000 -0.000000 -0.000000 
118 5.723958 0.000000 3.645833 100.000000 0.000000 -0.000000 -0.000000 
119 2.934896 0.000000 0.911458 100.000000 0.000000 -0.000000 -0.000000 
120 2.934896 0.000000 0.000000 100.000000 0.000000 -0.000000 -0.000000 
121 3.864583 0.000000 0.911458 100.000000 0.000000 -0.000000 -0.000000 
122 2.934896 0.000000 1.822917 100.000000 0.000000 -0.000000 -0.000000 
123 1.540365 0.000000 0.455729 100.000000 -0.000000 -0.000000 -0.000000 
124 1.540365 0.000000 0.000000 100.000000 0.000000 -0.000000 -0.000000 
125 2.005208 0.000000 0.455729 100.000000 -0.000000 -0.000000 -0.000000 
126 1.540365 0.000000 0.911458 100.000000 0.000000 -0.000000 -0.000000 
127 0.843099 0.000000 0.227865 100.000000 -0.000000 -0.000000 -0.000000 
128 0.843099 0.000000 0.000000 100.000000 0.000000 -0.000000 -0.000000 
129 1.075521 0.000000 0.227865 100.000000 -0.000000 -0.000000 -0.000000 
130 0.843099 0.000000 0.455729 100.000000 -0.000000 -0.000000 -0.000000 
131 0.494466 0.000000 0.113932 100.000000 -0.000000 -0.000000 -0.000000 
132 0.494466 0.000000 0.000000 100.000000 0.000000 -0.000000 -0.000000 
133 0.610677 0.000000 0.113932 100.000000 -0.000000 -0.000000 -0.000000 
134 0.494466 0.000000 0.227865 100.000000 -0.000000 -0.000000 -0.000000 
135 0.320150 0.000000 0.056966 100.000000 0.000000 -0.000000 -0.000000 
136 0.320150 0.000000 0.000000 100.000000 -0.000000 -0.000000 -0.000000 
137 0.378255 0.000000 0.056966 100.000000 -0.000000 -0.000000 -0.000000 
138 0.320150 0.000000 0.113932 100.000000 0.000000 -0.000000 -0.000000 
139 0.232992 0.000000 0.028483 100.000000 0.000000 -0.000000 -0.000000 
140 0.203939 0.000000 0.028483 100.000000 0.000000 -0.000000 -0.000000 
141 0.232992 0.000000 0.000000 100.000000 -0.000000 -0.000000 -0.000000 
142 0.262044 0.000000 0.028483 100.000000 0.000000 -0.000000 -0.000000 
143 0.232992 0.000000 0.056966 100.000000 0.000000 -0.000000 -0.000000 
144 0.087728 0.000000 0.056966 100.000000 0.000000 -0.000000 -0.000000 
145 0.029622 0.000000 0.056966 100.000000 0.000000 0.000000 -0.000000 
146 0.087728 0.000000 0.000000 100.000000 -0.000000 -0.000000 -0.000000 
147 0.087728 0.000000 0.113932 100.000000 0.000000 -0.000000 -0.000000 
148 0.174886 0.000000 0.028483 100.000000 -0.000000 0.000000 -0.000000 
149 0.145833 0.000000 0.028483 100.000000 -0.000000 0.000000 -0.000000 
150 0.174886 0.000000 0.000000 100.000000 -0.000000 0.000000 -0.000000 
151 0.174886 0.000000 0.056966 100.000000 0.000000 -0.000000 -0.000000 
152 5.723958 0.000000 -1.822917 100.000000 0.000000 -0.000000 -0.000000 
153 5.723958 0.000000 -3.645833 100.000000 0.000000 -0.000000 -0.000000 
154 7.583333 0.000000 -1.822917 100.000000 0.000000 -0.000000 -0.000000 
155 2.934896 0.000000 -0.911458 100.000000 0.000000 -0.000000 -0.000000 
156 2.934896 0.000000 -1.822917 100.000000 0.000000 -0.000000 -0.000000 
157 3.864583 0.000000 -0.911458 100.000000 0.000000 -0.000000 -0.000000 
158 1.540365 0.000000 -0.455729 100.000000 -0.000000 -0.000000 -0.000000 
159 1.540365 0.000000 -0.911458 100.000000 0.000000 -0.000000 -0.000000 
160 2.005208 0.000000 -0.455729 100.000000 -0.000000 -0.000000 -0.000000 
161 0.843099 0.000000 -0.227865 100.000000 -0.000000 -0.000000 -0.000000 
162 0.843099 0.000000 -0.455729 100.000000 -0.000000 -0.000000 -0.000000 
163 1.075521 0.000000 -0.227865 100.000000 -0.000000 -0.000000 -0.000000 
164 0.494466 0.000000 -0.113932 100.000000 -0.000000 -0.000000 0.000000 
165 0.494466 0.000000 -0.227865 100.000000 -0.000000 -0.000000 0.000000 
166 0.610677 0.000000 -0.113932 100.000000 -0.000000 -0.000000 -0.000000 
167 0.320150 0.000000 -0.056966 100.000000 -0.000000 -0.000000 0.000000 
168 0.320150 0.000000 -0.113932 100.000000 -0.000000 -0.000000 0.000000 
169 0.378255 0.000000 -0.056966 100.000000 -0.000000 -0.000000 0.000000 
170 0.232992 0.000000 -0.028483 100.000000 -0.000000 -0.000000 0.000000 
171 0.203939 0.000000 -0.028483 100.000000 -0.000000 -0.000000 0.000000 
172 0.232992 0.000000 -0.056966 100.000000 -0.000000 -0.000000 0.000000 
173 0.262044 0.000000 -0.028483 100.000000 -0.000000 -0.000000 0.000000 
174 0.218465 0.000000 0.014242 100.000000 -0.000000 -0.000000 -0.000000 
175 0.203939 0.000000 0.014242 100.000000 -0.000000 -0.000000 -0.000000 
176 0.218465 0.000000 0.000000 100.000000 -0.000000 -0.000000 -0.000000 
177 0.232992 0.000000 0.014242 100.000000 -0.000000 -0.000000 -0.000000 
178 0.218465 0.000000 0.028483 100.000000 0.000000 -0.000000 -0.000000 
179 0.087728 0.000000 -0.056966 100.000000 -0.000000 -0.000000 0.000000 
180 0.029622 0.000000 -0.056966 100.000000 -0.000000 0.000000 0.000000 
181 0.087728 0.000000 -0.113932 100.000000 -0.000000 -0.000000 0.000000 
182 0.116781 0.000000 0.028483 100.000000 -0.000000 -0.000000 -0.000000 
183 0.087728 0.000000 0.028483 100.000000 0.000000 -0.000000 -0.000000 
184 0.116781 0.000000 0.000000 100.000000 -0.000000 -0.000000 -0.000000 
185 0.116781 0.000000 0.056966 100.000000 0.000000 -0.000000 -0.000000 
186 -5.432292 0.000000 1.822917 100.000000 0.000000 0.000000 -0.000000 
187 -7.291667 0.000000 1.822917 100.000000 0.000000 0.000000 -0.000000 
188 -5.432292 0.000000 0.000000 100.000000 0.000000 0.000000 -0.000000 
189 -5.432292 0.000000 3.645833 100.000000 0.000000 0.000000 -0.000000 
190 -2.643229 0.000000 0.911458 100.000000 0.000000 0.000000 -0.000000 
191 -3.572917 0.000000 0.911458 100.000000 0.000000 0.000000 -0.000000 
192 -2.643229 0.000000 0.000000 100.000000 0.000000 0.000000 -0.000000 
193 -2.643229 0.000000 1.822917 100.000000 0.000000 0.000000 -0.000000 
194 -1.248698 0.000000 0.455729 100.000000 0.000000 0.000000 -0.000000 
195 -1.713542 0.000000 0.455729 100.000000 0.000000 0.000000 -0.000000 
196 -1.248698 0.000000 0.000000 100.000000 0.000000 0.000000 -0.000000 
197 -1.248698 0.000000 0.911458 100.000000 0.000000 0.000000 -0.000000 
198 -0.551432 0.000000 0.227865 100.000000 0.000000 0.000000 -0.000000 
199 -0.783854 0.000000 0.227865 100.000000 0.000000 0.000000 -0.000000 
200 -0.551432 0.000000 0.000000 100.000000 0.000000 0.000000 -0.000000 
201 -0.551432 0.000000 0.455729 100.000000 0.000000 0.000000 -0.000000 
202 -0.202799 0.000000 0.113932 100.000000 0.000000 0.000000 -0.000000 
203 -0.319010 0.000000 0.113932 100.000000 0.000000 0.000000 -0.000000 
204 -0.202799 0.000000 0.000000 100.000000 0.000000 0.000000 -0.000000 
205 -0.202799 0.000000 0.227865 100.000000 0.000000 0.000000 -0.000000 
206 -0.028483 0.000000 0.056966 100.000000 0.000000 0.000000 -0.000000 
207 -0.086589 0.000000 0.056966 100.000000 0.000000 0.000000 -0.000000 
208 -0.028483 0.000000 0.000000 100.000000 -0.000000 0.000000 -0.000000 
209 -0.028483 0.000000 0.113932 100.000000 0.000000 0.000000 -0.000000 
210 0.058675 0.000000 0.028483 100.000000 0.000000 -0.000000 -0.000000 
211 0.029622 0.000000 0.028483 100.000000 -0.000000 -0.000000 -0.000000 
212 0.058675 0.000000 0.000000 100.000000 -0.000000 -0.000000 -0.000000 
213 0.058675 0.000000 0.056966 100.000000 0.000000 -0.000000 -0.000000 
214 -5.432292 0.000000 -1.822917 100.000000 0.000000 0.000000 -0.000000 
215 -7.291667 0.000000 -1.822917 100.000000 0.000000 0.000000 -0.000000 
216 -5.432292 0.000000 -3.645833 100.000000 0.000000 0.000000 -0.000000 
217 -2.643229 0.000000 -0.911458 100.000000 0.000000 0.000000 -0.000000 
218 -3.572917 0.000000 -0.911458 100.000000 0.000000 0.000000 -0.000000 
219 -2.643229 0.000000 -1.822917 100.000000 0.000000 0.000000 -0.000000 
220 -1.248698 0.000000 -0.455729 100.000000 0.000000 0.000000 -0.000000 
221 -1.713542 0.000000 -0.455729 100.000000 0.000000 0.000000 -0.000000 
222 -1.248698 0.000000 -0.911458 100.000000 0.000000 0.000000 -0.000000 
223 -0.551432 0.000000 -0.227865 100.000000 0.000000 0.000000 -0.000000 
224 -0.783854 0.000000 -0.227865 100.000000 0.000000 0.000000 -0.000000 
225 -0.551432 0.000000 -0.455729 100.000000 0.000000 0.000000 -0.000000 
226 -0.202799 0.000000 -0.113932 100.000000 0.000000 0.000000 0.000000 
227 -0.319010 0.000000 -0.113932 100.000000 0.000000 0.000000 -0.000000 
228 -0.202799 0.000000 -0.227865 100.000000 0.000000 0.000000 0.000000 
229 -0.028483 0.000000 -0.056966 100.000000 -0.000000 0.000000 0.000000 
230 -0.086589 0.000000 -0.056966 100.000000 -0.000000 0.000000 0.000000 
231 -0.028483 0.000000 -0.113932 100.000000 -0.000000 0.000000 0.000000 
232 0.000570 0.000000 0.028483 100.000000 -0.000000 0.000000 -0.000000 
233 -0.028483 0.000000 0.028483 100.000000 -0.000000 0.000000 -0.000000 
234 0.000570 0.000000 0.000000 100.000000 -0.000000 0.000000 -0.000000 
235 0.000570 0.000000 0.056966 100.000000 0.000000 0.000000 -0.000000 
236 0.058675 0.000000 -0.028483 100.000000 -0.000000 -0.000000 0.000000 
237 0.029622 0.000000 -0.028483 100.000000 -0.000000 -0.000000 0.000000 
238 0.058675 0.000000 -0.056966 100.000000 -0.000000 -0.000000 0.000000 
239 0.087728 0.000000 -0.028483 100.000000 -0.000000 -0.000000 0.000000 
240 0.044149 0.000000 0.014242 100.000000 -0.000000 -0.000000 -0.000000 
241 0.029622 0.000000 0.014242 100.000000 -0.000000 -0.000000 -0.000000 
242 0.044149 0.000000 0.000000 100.000000 -0.000000 -0.000000 -0.000000 
243 0.058675 0.000000 0.014242 100.000000 -0.000000 -0.000000 -0.000000 
244 0.044149 0.000000 0.028483 100.000000 0.000000 -0.000000 -0.000000 
245 0.000570 0.000000 -0.028483 100.000000 -0.000000 0.000000 0.000000 
246 -0.028483 0.000000 -0.028483 100.000000 -0.000000 0.000000 0.000000 
247 0.000570 0.000000 -0.056966 100.000000 -0.000000 0.000000 0.000000 
248 0.015096 0.000000 0.014242 100.000000 -0.000000 0.000000 -0.000000 
249 0.000570 0.000000 0.014242 100.000000 -0.000000 0.000000 -0.000000 
250 0.015096 0.000000 0.000000 100.000000 -0.000000 0.000000 -0.000000 
251 0.015096 0.000000 0.028483 100.000000 -0.000000 0.000000 -0.000000 
252 0.291097 0.000000 0.028483 100.000000 0.000000 -0.000000 -0.000000 
253 0.291097 0.000000 0.000000 100.000000 -0.000000 -0.000000 -0.000000 
254 0.320150 0.000000 0.028483 100.000000 -0.000000 -0.000000 -0.000000 
255 0.291097 0.000000 0.056966 100.000000 0.000000 -0.000000 -0.000000 
256 0.291097 0.000000 -0.028483 100.000000 -0.000000 -0.000000 0.000000 
257 0.291097 0.000000 -0.056966 100.000000 -0.000000 -0.000000 0.000000 
258 0.320150 0.000000 -0.028483 100.000000 -0.000000 -0.000000 0.000000 
259 0.276571 0.000000 0.014242 100.000000 -0.000000 -0.000000 -0.000000 
260 0.262044 0.000000 0.014242 100.000000 -0.000000 0.000000 -0.000000 
261 0.276571 0.000000 0.000000 100.000000 -0.000000 -0.000000 -0.000000 
262 0.291097 0.000000 0.014242 100.000000 -0.000000 -0.000000 -0.000000 
263 0.276571 0.000000 0.028483 100.000000 0.000000 -0.000000 -0.000000 
264 0.174886 0.000000 -0.028483 100.000000 -0.000000 0.000000 -0.000000 
265 0.145833 0.000000 -0.028483 100.000000 -0.000000 0.000000 -0.000000 
266 0.174886 0.000000 -0.056966 100.000000 -0.000000 -0.000000 0.000000 
267 0.247518 0.000000 0.014242 100.000000 -0.000000 0.000000 -0.000000 
268 0.247518 0.000000 0.000000 100.000000 -0.000000 0.000000 -0.000000 
269 0.247518 0.000000 0.028483 100.000000 0.000000 0.000000 -0.000000 
270 0.116781 0.000000 -0.028483 100.000000 -0.000000 -0.000000 -0.000000 
271 0.116781 0.000000 -0.056966 100.000000 -0.000000 -0.000000 0.000000 
1 10 13 3 14 
2 11 10 14 9 
3 15 11 9 18 
4 16 15 18 4 
5 7 21 19 20 
6 21 2 22 19 
7 23 26 10 27 
8 24 23 27 11 
9 1 30 28 29 
10 30 7 20 28 
11 31 24 11 34 
12 32 31 34 15 
13 20 37 35 36 
14 37 19 38 35 
15 39 42 23 43 
16 40 39 43 24 
17 28 46 44 45 
18 46 20 36 44 
19 47 40 24 50 
20 48 47 50 31 
21 36 53 51 52 
22 53 35 54 51 
23 55 58 39 59 
24 56 55 59 40 
25 44 62 60 61 
26 62 36 52 60 
27 63 56 40 66 
28 64 63 66 47 
29 52 69 67 68 
30 69 51 70 67 
31 71 74 55 75 
32 72 71 75 56 
33 60 78 76 77 
34 78 52 68 76 
35 79 72 56 82 
36 80 79 82 63 
37 68 85 83 84 
38 85 67 86 83 
39 87 90 71 91 
40 88 87 91 72 
41 76 94 92 93 
42 94 68 84 92 
43 95 88 72 98 
44 96 95 98 79 
45 84 101 99 100 
46 101 83 102 99 
47 103 106 87 107 
48 104 103 107 88 
49 92 110 108 109 
50 110 84 100 108 
51 100 113 111 112 
52 113 99 114 111 
53 12 116 115 26 
54 116 8 117 115 
55 115 117 13 118 
56 26 115 118 10 
57 25 120 119 42 
58 120 12 121 119 
59 119 121 26 122 
60 42 119 122 23 
61 41 124 123 58 
62 124 25 125 123 
63 123 125 42 126 
64 58 123 126 39 
65 57 128 127 74 
66 128 41 129 127 
67 127 129 58 130 
68 74 127 130 55 
69 73 132 131 90 
70 132 57 133 131 
71 131 133 74 134 
72 90 131 134 71 
73 136 73 137 135 
74 135 137 90 138 
75 106 135 138 87 
76 139 142 106 143 
77 140 139 143 103 
78 144 104 88 147 
79 145 144 147 95 
80 5 150 148 149 
81 150 105 140 148 
82 148 140 103 151 
83 149 148 151 104 
84 19 153 152 38 
85 153 22 154 152 
86 152 154 8 116 
87 38 152 116 12 
88 35 156 155 54 
89 156 38 157 155 
90 155 157 12 120 
91 54 155 120 25 
92 51 159 158 70 
93 159 54 160 158 
94 158 160 25 124 
95 70 158 124 41 
96 67 162 161 86 
97 162 70 163 161 
98 161 163 41 128 
99 86 161 128 57 
100 83 165 164 102 
101 165 86 166 164 
102 164 166 57 132 
103 102 164 132 73 
104 99 168 167 114 
105 168 102 169 167 
106 167 169 73 136 
107 111 172 170 171 
108 172 114 173 170 
109 170 173 89 141 
110 171 170 141 105 
111 105 176 174 175 
112 176 141 177 174 
113 174 177 139 178 
114 175 174 178 140 
115 108 181 179 180 
116 181 100 112 179 
117 146 184 182 183 
118 184 5 149 182 
119 182 149 104 185 
120 183 182 185 144 
121 6 188 186 187 
122 188 17 32 186 
123 186 32 15 189 
124 187 186 189 16 
125 17 192 190 191 
126 192 33 48 190 
127 190 48 31 193 
128 191 190 193 32 
129 33 196 194 195 
130 196 49 64 194 
131 194 64 47 197 
132 195 194 197 48 
133 49 200 198 199 
134 200 65 80 198 
135 198 80 63 201 
136 199 198 201 64 
137 65 204 202 203 
138 204 81 96 202 
139 202 96 79 205 
140 203 202 205 80 
141 81 208 206 207 
142 206 145 95 209 
143 207 206 209 96 
144 212 146 183 210 
145 210 183 144 213 
146 211 210 213 145 
147 29 216 214 215 
148 216 28 45 214 
149 214 45 17 188 
150 215 214 188 6 
151 45 219 217 218 
152 219 44 61 217 
153 217 61 33 192 
154 218 217 192 17 
155 61 222 220 221 
156 222 60 77 220 
157 220 77 49 196 
158 221 220 196 33 
159 77 225 223 224 
160 225 76 93 223 
161 223 93 65 200 
162 224 223 200 49 
163 93 228 226 227 
164 228 92 109 226 
165 226 109 81 204 
166 227 226 204 65 
167 109 231 229 230 
168 231 108 180 229 
169 230 229 208 81 
170 208 234 232 233 
171 232 211 145 235 
172 233 232 235 206 
173 180 238 236 237 
174 238 179 239 236 
175 236 239 146 212 
176 237 236 212 97 
177 97 242 240 241 
178 242 212 243 240 
179 240 243 210 244 
180 241 240 244 211 
181 229 247 245 246 
182 247 180 237 245 
183 245 237 97 234 
184 246 245 234 208 
185 234 250 248 249 
186 250 97 241 248 
187 248 241 211 251 
188 249 248 251 232 
189 253 136 254 252 
190 252 254 135 255 
191 142 252 255 106 
192 114 257 256 173 
193 257 167 258 256 
194 256 258 136 253 
195 173 256 253 89 
196 89 261 259 260 
197 261 253 262 259 
198 259 262 252 263 
199 260 259 263 142 
200 112 266 264 265 
201 266 111 171 264 
202 264 171 105 150 
203 265 264 150 5 
204 141 268 267 177 
205 268 89 260 267 
206 267 260 142 269 
207 177 267 269 139 
208 179 271 270 239 
209 271 112 265 270 
210 270 265 5 184 
211 239 270 184 146 
