2 0.000000 100.000000 5791.461216
302 238 
1 -7.291667 0.000000 -7.291667 99.940667 0.000000 -3.490064 -0.000032 
2 7.583333 0.000000 -7.291667 99.940883 0.000000 -3.479318 -0.000029 
3 7.583333 0.000000 7.291667 99.937866 0.000000 -3.480712 0.000031 
4 -7.291667 0.000000 7.291667 99.937594 0.000000 -3.490102 0.000030 
5 0.145833 0.000000 0.000000 99.955054 -0.000001 0.000011 0.000899 
6 -7.291667 0.000000 0.000000 99.939154 0.000000 -3.492097 -0.000003 
7 0.145833 0.000000 -7.291667 99.943629 0.000000 -3.485246 -0.000088 
8 7.583333 0.000000 0.000000 99.977100 -0.000014 -2.397020 -0.000117 
9 0.145833 0.000000 7.291667 99.934840 0.000000 -3.485542 0.000088 
10 3.864583 0.000000 3.645833 99.934273 0.000001 -3.455026 0.000120 
11 0.145833 0.000000 3.645833 99.922344 0.000000 -3.471425 0.000347 
12 3.864583 0.000000 0.000000 99.986187 -0.000030 -2.123936 -0.000175 
13 7.583333 0.000000 3.645833 99.938623 0.000001 -3.458196 0.000031 
14 3.864583 0.000000 7.291667 99.936251 0.000000 -3.481617 0.000062 
15 -3.572917 0.000000 3.645833 99.933038 0.000000 -3.490919 0.000120 
16 -7.291667 0.000000 3.645833 99.937609 0.000000 -3.491047 0.000029 
17 -3.572917 0.000000 0.000000 99.939367 0.000000 -3.498214 -0.000011 
18 -3.572917 0.000000 7.291667 99.936022 0.000000 -3.488877 0.000062 
19 3.864583 0.000000 -3.645833 99.946055 0.000001 -3.450046 -0.000112 
20 0.145833 0.000000 -3.645833 99.957048 0.000000 -3.470270 -0.000345 
21 3.864583 0.000000 -7.291667 99.942405 0.000000 -3.480837 -0.000060 
22 7.583333 0.000000 -3.645833 99.941875 0.000001 -3.448680 -0.000027 
23 2.005208 0.000000 1.822917 99.920590 0.000002 -3.363486 0.000456 
24 0.145833 0.000000 1.822917 99.875048 0.000001 -3.421440 0.001327 
25 2.005208 0.000000 0.000000 99.987358 -0.000040 -2.040162 -0.000163 
26 3.864583 0.000000 1.822917 99.937327 0.000002 -3.366173 0.000120 
27 2.005208 0.000000 3.645833 99.927970 0.000001 -3.458162 0.000244 
28 -3.572917 0.000000 -3.645833 99.945470 0.000000 -3.490784 -0.000128 
29 -7.291667 0.000000 -3.645833 99.940691 0.000000 -3.491016 -0.000033 
30 -3.572917 0.000000 -7.291667 99.942325 0.000000 -3.488769 -0.000064 
31 -1.713542 0.000000 1.822917 99.914592 0.000000 -3.492890 0.000487 
32 -3.572917 0.000000 1.822917 99.933046 0.000000 -3.494737 0.000117 
33 -1.713542 0.000000 0.000000 99.940045 0.000000 -3.525098 -0.000044 
34 -1.713542 0.000000 3.645833 99.926759 0.000000 -3.486007 0.000249 
35 2.005208 0.000000 -1.822917 99.965100 0.000002 -3.347893 -0.000423 
36 0.145833 0.000000 -1.822917 100.007257 0.000001 -3.417858 -0.001313 
37 2.005208 0.000000 -3.645833 99.952009 0.000001 -3.455385 -0.000234 
38 3.864583 0.000000 -1.822917 99.949771 0.000002 -3.332797 -0.000106 
39 1.075521 0.000000 0.911458 99.872638 0.000003 -3.092578 0.001589 
40 0.145833 0.000000 0.911458 99.719347 0.000002 -3.263601 0.004540 
41 1.075521 0.000000 0.000000 99.983981 -0.000048 -1.963029 -0.000065 
42 2.005208 0.000000 0.911458 99.929812 0.000004 -3.109929 0.000436 
43 1.075521 0.000000 1.822917 99.897074 0.000002 -3.374666 0.000919 
44 -1.713542 0.000000 -1.822917 99.964887 0.000000 -3.492394 -0.000518 
45 -3.572917 0.000000 -1.822917 99.945609 0.000000 -3.494629 -0.000134 
46 -1.713542 0.000000 -3.645833 99.952068 0.000000 -3.485621 -0.000257 
47 -0.783854 0.000000 0.911458 99.842343 0.000001 -3.504093 0.001923 
48 -1.713542 0.000000 0.911458 99.914280 0.000000 -3.510218 0.000481 
49 -0.783854 0.000000 0.000000 99.941955 0.000001 -3.632401 -0.000159 
50 -0.783854 0.000000 1.822917 99.890180 0.000001 -3.475066 0.000988 
51 1.075521 0.000000 -0.911458 100.027139 0.000001 -3.058981 -0.001479 
52 0.145833 0.000000 -0.911458 100.170589 0.000001 -3.255288 -0.004474 
53 1.075521 0.000000 -1.822917 99.987340 0.000001 -3.364396 -0.000879 
54 2.005208 0.000000 -0.911458 99.973813 0.000002 -3.040450 -0.000401 
55 0.610677 0.000000 0.455729 99.733984 0.000000 -2.610372 0.004632 
56 0.145833 0.000000 0.455729 99.320741 0.000002 -2.943826 0.012672 
57 0.610677 0.000000 0.000000 99.977051 -0.000039 -1.720233 0.000163 
58 1.075521 0.000000 0.455729 99.893425 -0.000001 -2.649259 0.001428 
59 0.610677 0.000000 0.911458 99.795781 0.000003 -3.126294 0.003103 
60 -0.783854 0.000000 -0.911458 100.039972 0.000001 -3.502668 -0.002026 
61 -1.713542 0.000000 -0.911458 99.965576 0.000000 -3.509862 -0.000544 
62 -0.783854 0.000000 -1.822917 99.990284 0.000001 -3.473802 -0.001012 
63 -0.319010 0.000000 0.455729 99.595141 0.000002 -3.552785 0.006819 
64 -0.783854 0.000000 0.455729 99.840466 0.000001 -3.570798 0.001913 
65 -0.319010 0.000000 0.000000 99.945344 0.000001 -4.063383 -0.000558 
66 -0.319010 0.000000 0.911458 99.757942 0.000001 -3.435594 0.003655 
67 0.610677 0.000000 -0.455729 100.182673 -0.000003 -2.576237 -0.004320 
68 0.145833 0.000000 -0.455729 100.579628 0.000001 -2.933217 -0.012487 
69 0.610677 0.000000 -0.911458 100.099750 0.000001 -3.107747 -0.002962 
70 1.075521 0.000000 -0.455729 100.032966 -0.000007 -2.577981 -0.001324 
71 0.378255 0.000000 0.227865 99.430589 -0.000003 -2.033114 0.010942 
72 0.145833 0.000000 0.227865 98.682179 0.000001 -2.454660 0.025580 
73 0.378255 0.000000 0.000000 99.967248 0.000025 -1.168910 0.000518 
74 0.610677 0.000000 0.227865 99.781705 -0.000008 -2.174165 0.003888 
75 0.378255 0.000000 0.455729 99.541777 0.000001 -2.673493 0.008429 
76 -0.319010 0.000000 -0.455729 100.293427 0.000001 -3.549882 -0.007137 
77 -0.783854 0.000000 -0.455729 100.042928 0.000001 -3.569820 -0.002133 
78 -0.319010 0.000000 -0.911458 100.127249 0.000001 -3.432238 -0.003725 
79 -0.086589 0.000000 0.227865 98.873619 0.000002 -3.687273 0.021041 
80 -0.319010 0.000000 0.227865 99.580223 0.000002 -3.801694 0.006933 
81 -0.086589 0.000000 0.000000 99.948614 0.000001 -5.923066 -0.002481 
82 -0.086589 0.000000 0.455729 99.373253 0.000002 -3.348005 0.011375 
83 0.378255 0.000000 -0.227865 100.489715 -0.000006 -2.015097 -0.010224 
84 0.145833 0.000000 -0.227865 101.223970 -0.000001 -2.446911 -0.025228 
85 0.378255 0.000000 -0.455729 100.367004 -0.000001 -2.653513 -0.008058 
86 0.610677 0.000000 -0.227865 100.151478 -0.000013 -2.137997 -0.003489 
87 0.262044 0.000000 0.113932 98.997800 -0.000002 -1.403705 0.019747 
88 0.145833 0.000000 0.113932 98.046662 0.000000 -1.710545 0.038393 
89 0.262044 0.000000 0.000000 99.960795 -0.000006 0.000018 0.000784 
90 0.378255 0.000000 0.113932 99.544975 -0.000007 -1.552560 0.008839 
91 0.262044 0.000000 0.227865 99.080342 -0.000001 -2.101216 0.017867 
92 -0.086589 0.000000 -0.227865 101.023059 0.000001 -3.683669 -0.021923 
93 -0.319010 0.000000 -0.227865 100.309849 0.000001 -3.799944 -0.007651 
94 -0.086589 0.000000 -0.455729 100.520161 0.000001 -3.342537 -0.011548 
95 0.029622 0.000000 0.113932 97.305217 0.000001 -3.224199 0.052130 
96 -0.086589 0.000000 0.113932 98.589580 0.000001 -4.477934 0.026004 
97 0.029622 0.000000 0.000000 99.951442 0.000000 0.000011 0.000971 
98 0.029622 0.000000 0.227865 98.527962 0.000001 -3.127481 0.028246 
99 0.262044 0.000000 -0.113932 100.919809 -0.000005 -1.396156 -0.018676 
100 0.145833 0.000000 -0.113932 101.862247 -0.000002 -1.706037 -0.037883 
101 0.262044 0.000000 -0.227865 100.832628 -0.000003 -2.089342 -0.017158 
102 0.378255 0.000000 -0.113932 100.382519 -0.000011 -1.539230 -0.007902 
103 0.203939 0.000000 0.056966 98.467672 -0.000001 -0.838015 0.030342 
104 0.145833 0.000000 0.056966 97.725938 0.000000 -0.966005 0.044871 
105 0.203939 0.000000 0.000000 99.957459 -0.000003 0.000018 0.000851 
106 0.262044 0.000000 0.056966 99.065698 -0.000002 -0.872930 0.018523 
107 0.203939 0.000000 0.113932 98.557833 -0.000001 -1.462252 0.028422 
108 0.029622 0.000000 -0.113932 102.596855 -0.000000 -3.221350 -0.053649 
109 -0.086589 0.000000 -0.113932 101.307267 0.000001 -4.476066 -0.028320 
110 0.029622 0.000000 -0.227865 101.372436 0.000000 -3.122366 -0.028612 
111 0.203939 0.000000 -0.056966 101.446537 -0.000004 -0.834930 -0.029210 
112 0.145833 0.000000 -0.056966 102.183809 -0.000002 -0.963646 -0.044246 
113 0.203939 0.000000 -0.113932 101.355192 -0.000003 -1.456472 -0.027500 
114 0.262044 0.000000 -0.056966 100.853707 -0.000007 -0.868697 -0.017222 
115 5.723958 0.000000 1.822917 99.940723 0.000002 -3.378565 0.000044 
116 5.723958 0.000000 0.000000 99.981820 -0.000021 -2.258500 -0.000147 
117 7.583333 0.000000 1.822917 99.941600 0.000002 -3.387622 0.000020 
118 5.723958 0.000000 3.645833 99.937308 0.000001 -3.456439 0.000059 
119 2.934896 0.000000 0.911458 99.942781 0.000004 -3.138604 0.000159 
120 2.934896 0.000000 0.000000 99.985842 -0.000033 -2.120557 -0.000167 
121 3.864583 0.000000 0.911458 99.947112 0.000005 -3.143116 0.000070 
122 2.934896 0.000000 1.822917 99.932048 0.000002 -3.367403 0.000225 
123 1.540365 0.000000 0.455729 99.936387 -0.000001 -2.694307 0.000546 
124 1.540365 0.000000 0.000000 99.987225 -0.000044 -1.994690 -0.000142 
125 2.005208 0.000000 0.455729 99.950653 0.000000 -2.727807 0.000243 
126 1.540365 0.000000 0.911458 99.911786 0.000004 -3.097737 0.000804 
127 0.843099 0.000000 0.227865 99.888893 -0.000012 -2.271661 0.001705 
128 0.843099 0.000000 0.000000 99.981773 -0.000049 -1.886459 0.000009 
129 1.075521 0.000000 0.227865 99.930161 -0.000013 -2.332576 0.000852 
130 0.843099 0.000000 0.455729 99.840081 -0.000001 -2.623356 0.002508 
131 0.494466 0.000000 0.113932 99.766495 -0.000013 -1.774349 0.004350 
132 0.494466 0.000000 0.000000 99.972929 -0.000025 -1.537287 0.000305 
133 0.610677 0.000000 0.113932 99.860283 -0.000018 -1.920119 0.002424 
134 0.494466 0.000000 0.227865 99.654890 -0.000005 -2.094906 0.006451 
135 0.320150 0.000000 0.056966 99.511009 -0.000005 -1.089481 0.009637 
136 0.320150 0.000000 0.000000 99.963758 0.000167 -0.792249 0.000662 
137 0.378255 0.000000 0.056966 99.712770 -0.000010 -1.314886 0.005563 
138 0.320150 0.000000 0.113932 99.332534 -0.000004 -1.460250 0.013092 
139 0.232992 0.000000 0.028483 98.803184 -0.000002 -0.484946 0.023770 
140 0.203939 0.000000 0.028483 98.455359 -0.000001 -0.485508 0.030631 
141 0.232992 0.000000 0.000000 99.958634 -0.000004 0.000017 0.000827 
142 0.262044 0.000000 0.028483 99.137758 -0.000002 -0.530741 0.017142 
143 0.232992 0.000000 0.056966 98.777937 -0.000002 -0.834286 0.024222 
144 0.087728 0.000000 0.056966 96.697443 0.000001 -1.452212 0.064750 
145 0.029622 0.000000 0.056966 95.575604 0.000001 -3.156749 0.085534 
146 0.087728 0.000000 0.000000 99.953250 -0.000000 0.000012 0.000935 
147 0.087728 0.000000 0.113932 97.527350 0.000001 -2.261324 0.048330 
148 0.174886 0.000000 0.028483 99.956227 -0.000002 0.000013 0.000875 
149 0.145833 0.000000 0.028483 99.956227 -0.000002 0.000013 0.000875 
150 0.174886 0.000000 0.000000 99.956258 -0.000002 0.000016 0.000875 
151 0.174886 0.000000 0.056966 98.126248 -0.000000 -0.879591 0.037047 
152 5.723958 0.000000 -1.822917 99.946457 0.000002 -3.330062 -0.000038 
153 5.723958 0.000000 -3.645833 99.943134 0.000001 -3.449219 -0.000053 
154 7.583333 0.000000 -1.822917 99.945695 0.000003 -3.322991 -0.000018 
155 2.934896 0.000000 -0.911458 99.961779 0.000002 -3.032800 -0.000156 
156 2.934896 0.000000 -1.822917 99.954201 0.000002 -3.344318 -0.000203 
157 3.864583 0.000000 -0.911458 99.959431 0.000002 -2.992647 -0.000084 
158 1.540365 0.000000 -0.455729 99.994136 -0.000008 -2.581911 -0.000549 
159 1.540365 0.000000 -0.911458 99.990462 0.000002 -3.046670 -0.000737 
160 2.005208 0.000000 -0.455729 99.981783 -0.000009 -2.573406 -0.000298 
161 0.843099 0.000000 -0.227865 100.052583 -0.000018 -2.212771 -0.001542 
162 0.843099 0.000000 -0.455729 100.082439 -0.000006 -2.571573 -0.002311 
163 1.075521 0.000000 -0.227865 100.016082 -0.000021 -2.249351 -0.000828 
164 0.494466 0.000000 -0.113932 100.170087 -0.000018 -1.752296 -0.003712 
165 0.494466 0.000000 -0.227865 100.272368 -0.000009 -2.068650 -0.005883 
166 0.610677 0.000000 -0.113932 100.083608 -0.000023 -1.887466 -0.002029 
167 0.320150 0.000000 -0.056966 100.414276 -0.000011 -1.083148 -0.008420 
168 0.320150 0.000000 -0.113932 100.589992 -0.000008 -1.450223 -0.012045 
169 0.378255 0.000000 -0.056966 100.218427 -0.000016 -1.305190 -0.004544 
170 0.232992 0.000000 -0.028483 101.113959 -0.000006 -0.483103 -0.022427 
171 0.203939 0.000000 -0.028483 101.459183 -0.000004 -0.483935 -0.029420 
172 0.232992 0.000000 -0.056966 101.138770 -0.000005 -0.830704 -0.022974 
173 0.262044 0.000000 -0.028483 100.782265 -0.000008 -0.528512 -0.015734 
174 0.218465 0.000000 0.014242 99.958249 -0.000003 0.000019 0.000835 
175 0.203939 0.000000 0.014242 99.957449 -0.000003 0.000019 0.000851 
176 0.218465 0.000000 0.000000 99.957759 -0.000003 0.000018 0.000845 
177 0.232992 0.000000 0.014242 99.958930 -0.000004 0.000017 0.000821 
178 0.218465 0.000000 0.028483 98.632021 -0.000001 -0.468660 0.027150 
179 0.087728 0.000000 -0.056966 103.208445 -0.000001 -1.450366 -0.065409 
180 0.029622 0.000000 -0.056966 104.326940 -0.000000 -3.155282 -0.089407 
181 0.087728 0.000000 -0.113932 102.377917 -0.000001 -2.257760 -0.048634 
182 0.116781 0.000000 0.028483 99.953882 -0.000001 0.000009 0.000922 
183 0.087728 0.000000 0.028483 96.356562 0.000002 -0.686623 0.071494 
184 0.116781 0.000000 0.000000 99.954175 -0.000001 0.000011 0.000916 
185 0.116781 0.000000 0.056966 97.255545 0.000001 -1.136923 0.054007 
186 -5.432292 0.000000 1.822917 99.937011 0.000000 -3.492892 0.000039 
187 -7.291667 0.000000 1.822917 99.938179 0.000000 -3.491624 0.000017 
188 -5.432292 0.000000 0.000000 99.939210 0.000000 -3.493692 -0.000005 
189 -5.432292 0.000000 3.645833 99.936212 0.000000 -3.491484 0.000056 
190 -2.643229 0.000000 0.911458 99.930564 0.000000 -3.501428 0.000162 
191 -3.572917 0.000000 0.911458 99.935349 0.000000 -3.497164 0.000070 
192 -2.643229 0.000000 0.000000 99.939574 0.000000 -3.504662 -0.000020 
193 -2.643229 0.000000 1.822917 99.927380 0.000000 -3.495514 0.000230 
194 -1.248698 0.000000 0.455729 99.904049 0.000001 -3.538321 0.000666 
195 -1.713542 0.000000 0.455729 99.923574 0.000000 -3.520463 0.000289 
196 -1.248698 0.000000 0.000000 99.940658 0.000001 -3.552398 -0.000075 
197 -1.248698 0.000000 0.911458 99.891533 0.000001 -3.513332 0.000934 
198 -0.551432 0.000000 0.227865 99.802945 0.000001 -3.685069 0.002579 
199 -0.783854 0.000000 0.227865 99.876632 0.000001 -3.612984 0.001160 
200 -0.551432 0.000000 0.000000 99.943215 0.000001 -3.743205 -0.000266 
201 -0.551432 0.000000 0.455729 99.757114 0.000001 -3.584767 0.003567 
202 -0.202799 0.000000 0.113932 99.423492 0.000002 -4.234437 0.009704 
203 -0.319010 0.000000 0.113932 99.694330 0.000002 -3.998944 0.004505 
204 -0.202799 0.000000 0.000000 99.946945 0.000001 -4.499472 -0.000964 
205 -0.202799 0.000000 0.227865 99.302853 0.000002 -3.848530 0.012413 
206 -0.028483 0.000000 0.056966 97.069967 0.000001 -5.571212 0.054638 
207 -0.086589 0.000000 0.056966 98.812561 0.000001 -5.299487 0.020799 
208 -0.028483 0.000000 0.000000 99.949884 0.000001 -9.692511 -0.008392 
209 -0.028483 0.000000 0.113932 97.805207 0.000001 -4.169244 0.041676 
210 0.058675 0.000000 0.028483 95.286795 0.000002 -1.105233 0.091921 
211 0.029622 0.000000 0.028483 93.763349 0.000001 -2.399518 0.120268 
212 0.058675 0.000000 0.000000 99.952263 0.000000 0.000013 0.000955 
213 0.058675 0.000000 0.056966 96.066673 0.000001 -2.050721 0.076699 
214 -5.432292 0.000000 -1.822917 99.941392 0.000000 -3.492855 -0.000048 
215 -7.291667 0.000000 -1.822917 99.940138 0.000000 -3.491606 -0.000022 
216 -5.432292 0.000000 -3.645833 99.942147 0.000000 -3.491428 -0.000062 
217 -2.643229 0.000000 -0.911458 99.948516 0.000000 -3.501292 -0.000196 
218 -3.572917 0.000000 -0.911458 99.943361 0.000000 -3.497102 -0.000091 
219 -2.643229 0.000000 -1.822917 99.951553 0.000000 -3.495298 -0.000253 
220 -1.248698 0.000000 -0.455729 99.977102 0.000001 -3.537909 -0.000794 
221 -1.713542 0.000000 -0.455729 99.956450 0.000000 -3.520261 -0.000368 
222 -1.248698 0.000000 -0.911458 99.989221 0.000001 -3.512653 -0.001018 
223 -0.551432 0.000000 -0.227865 100.083207 0.000001 -3.684138 -0.003022 
224 -0.783854 0.000000 -0.227865 100.007138 0.000001 -3.612447 -0.001448 
225 -0.551432 0.000000 -0.455729 100.128313 0.000001 -3.583132 -0.003852 
226 -0.202799 0.000000 -0.113932 100.470149 0.000001 -4.233113 -0.011217 
227 -0.319010 0.000000 -0.113932 100.196197 0.000001 -3.998023 -0.005526 
228 -0.202799 0.000000 -0.227865 100.590094 0.000001 -3.846048 -0.013316 
229 -0.028483 0.000000 -0.056966 102.829676 0.000001 -5.570034 -0.060497 
230 -0.086589 0.000000 -0.056966 101.084570 0.000001 -5.298533 -0.024616 
231 -0.028483 0.000000 -0.113932 102.094072 0.000001 -4.166947 -0.044056 
232 0.000570 0.000000 0.028483 93.542146 0.000001 -6.136558 0.121221 
233 -0.028483 0.000000 0.028483 97.066839 0.000001 -7.449191 0.052254 
234 0.000570 0.000000 0.000000 99.950822 0.000001 0.000008 0.000983 
235 0.000570 0.000000 0.056966 95.866313 0.000001 -4.673840 0.078781 
236 0.058675 0.000000 -0.028483 104.617501 -0.000001 -1.104404 -0.094604 
237 0.029622 0.000000 -0.028483 106.139316 -0.000000 -2.398779 -0.127131 
238 0.058675 0.000000 -0.056966 103.837483 -0.000001 -2.049078 -0.078642 
239 0.087728 0.000000 -0.028483 103.549488 -0.000002 -0.685691 -0.072297 
240 0.044149 0.000000 0.014242 99.951816 0.000000 0.000013 0.000963 
241 0.029622 0.000000 0.014242 99.951251 0.000001 0.000011 0.000975 
242 0.044149 0.000000 0.000000 99.951690 0.000000 0.000012 0.000966 
243 0.058675 0.000000 0.014242 99.952263 0.000000 0.000013 0.000955 
244 0.044149 0.000000 0.028483 94.583805 0.000002 -1.566789 0.105145 
245 0.000570 0.000000 -0.028483 106.359002 0.000000 -6.135897 -0.134989 
246 -0.028483 0.000000 -0.028483 102.832898 0.000001 -7.448598 -0.063009 
247 0.000570 0.000000 -0.056966 104.034729 0.000000 -4.672527 -0.084506 
248 0.015096 0.000000 0.014242 99.951044 0.000001 0.000009 0.000979 
249 0.000570 0.000000 0.014242 99.950882 0.000001 0.000008 0.000982 
250 0.015096 0.000000 0.000000 99.951084 0.000001 0.000010 0.000978 
251 0.015096 0.000000 0.028483 93.107211 0.000001 -3.946079 0.131548 
252 0.291097 0.000000 0.028483 99.477790 -0.000003 -0.671279 0.010372 
253 0.291097 0.000000 0.000000 99.961478 -0.000006 0.000018 0.000770 
254 0.320150 0.000000 0.028483 99.688820 -0.000005 -0.900980 0.006133 
255 0.291097 0.000000 0.056966 99.320576 -0.000004 -0.964414 0.013449 
256 0.291097 0.000000 -0.028483 100.445443 -0.000011 -0.668403 -0.008973 
257 0.291097 0.000000 -0.056966 100.601715 -0.000009 -0.959290 -0.012163 
258 0.320150 0.000000 -0.028483 100.237807 -0.000013 -0.897001 -0.004842 
259 0.276571 0.000000 0.014242 99.961290 -0.000006 0.000018 0.000774 
260 0.262044 0.000000 0.014242 99.960810 -0.000006 0.000018 0.000784 
261 0.276571 0.000000 0.000000 99.961018 -0.000006 0.000018 0.000779 
262 0.291097 0.000000 0.014242 99.961290 -0.000006 0.000018 0.000774 
263 0.276571 0.000000 0.028483 99.313226 -0.000002 -0.582506 0.013654 
264 0.436361 0.000000 -0.056966 100.127680 -0.000022 -1.489732 -0.002777 
265 0.436361 0.000000 -0.113932 100.249932 -0.000014 -1.657141 -0.005279 
266 0.494466 0.000000 -0.056966 100.080163 -0.000027 -1.617171 -0.001865 
267 0.436361 0.000000 0.000000 99.970296 -0.000008 -1.391857 0.000400 
268 0.349202 0.000000 -0.028483 100.148225 -0.000016 -1.071910 -0.003082 
269 0.349202 0.000000 -0.056966 100.295539 -0.000013 -1.195745 -0.006062 
270 0.378255 0.000000 -0.028483 100.100944 -0.000020 -1.212833 -0.002167 
271 0.349202 0.000000 0.000000 99.965555 0.000062 -1.012512 0.000586 
272 0.305623 0.000000 -0.014242 99.961952 -0.000007 0.000019 0.000761 
273 0.291097 0.000000 -0.014242 99.961290 -0.000006 0.000018 0.000774 
274 0.305623 0.000000 -0.028483 100.320661 -0.000012 -0.777796 -0.006484 
275 0.320150 0.000000 -0.014242 100.112323 -0.000016 -0.822803 -0.002315 
276 0.305623 0.000000 0.000000 99.961623 -0.000006 0.000018 0.000767 
277 0.174886 0.000000 -0.028483 99.956227 -0.000002 0.000013 0.000875 
278 0.145833 0.000000 -0.028483 99.956227 -0.000002 0.000013 0.000875 
279 0.174886 0.000000 -0.056966 101.785646 -0.000003 -0.876905 -0.036109 
280 0.436361 0.000000 0.056966 99.808981 -0.000015 -1.503762 0.003591 
281 0.494466 0.000000 0.056966 99.861377 -0.000020 -1.636193 0.002503 
282 0.436361 0.000000 0.113932 99.682300 -0.000010 -1.674529 0.006063 
283 0.349202 0.000000 0.028483 99.781738 -0.000008 -1.077425 0.004244 
284 0.378255 0.000000 0.028483 99.832213 -0.000012 -1.220213 0.003204 
285 0.349202 0.000000 0.056966 99.632740 -0.000008 -1.203615 0.007187 
286 0.247518 0.000000 0.014242 99.959434 -0.000004 0.000016 0.000811 
287 0.247518 0.000000 0.000000 99.959652 -0.000004 0.000017 0.000807 
288 0.247518 0.000000 0.028483 98.968254 -0.000002 -0.503739 0.020503 
289 0.116781 0.000000 -0.028483 99.953882 -0.000001 0.000009 0.000922 
290 0.116781 0.000000 -0.056966 102.652203 -0.000002 -1.134841 -0.053876 
291 0.305623 0.000000 0.014242 99.961952 -0.000007 0.000019 0.000761 
292 0.320150 0.000000 0.014242 99.814909 -0.000004 -0.825171 0.003630 
293 0.305623 0.000000 0.028483 99.604266 -0.000004 -0.781163 0.007838 
294 0.276571 0.000000 -0.014242 99.961290 -0.000006 0.000018 0.000774 
295 0.262044 0.000000 -0.014242 99.960810 -0.000006 0.000018 0.000784 
296 0.276571 0.000000 -0.028483 100.608363 -0.000009 -0.580001 -0.012238 
297 0.247518 0.000000 -0.014242 99.959434 -0.000004 0.000016 0.000811 
298 0.232992 0.000000 -0.014242 99.958930 -0.000004 0.000017 0.000821 
299 0.247518 0.000000 -0.028483 100.950289 -0.000007 -0.501724 -0.019121 
300 0.218465 0.000000 -0.014242 99.958249 -0.000003 0.000019 0.000835 
301 0.203939 0.000000 -0.014242 99.957449 -0.000003 0.000019 0.000851 
302 0.218465 0.000000 -0.028483 101.283792 -0.000005 -0.466962 -0.025862 
1 10 13 3 14 
2 11 10 14 9 
3 15 11 9 18 
4 16 15 18 4 
5 7 21 19 20 
6 21 2 22 19 
7 23 26 10 27 
8 24 23 27 11 
9 1 30 28 29 
10 30 7 20 28 
11 31 24 11 34 
12 32 31 34 15 
13 20 37 35 36 
14 37 19 38 35 
15 39 42 23 43 
16 40 39 43 24 
17 28 46 44 45 
18 46 20 36 44 
19 47 40 24 50 
20 48 47 50 31 
21 36 53 51 52 
22 53 35 54 51 
23 55 58 39 59 
24 56 55 59 40 
25 44 62 60 61 
26 62 36 52 60 
27 63 56 40 66 
28 64 63 66 47 
29 52 69 67 68 
30 69 51 70 67 
31 71 74 55 75 
32 72 71 75 56 
33 60 78 76 77 
34 78 52 68 76 
35 79 72 56 82 
36 80 79 82 63 
37 68 85 83 84 
38 85 67 86 83 
39 87 90 71 91 
40 88 87 91 72 
41 76 94 92 93 
42 94 68 84 92 
43 95 88 72 98 
44 96 95 98 79 
45 84 101 99 100 
46 101 83 102 99 
47 103 106 87 107 
48 104 103 107 88 
49 92 110 108 109 
50 110 84 100 108 
51 100 113 111 112 
52 113 99 114 111 
53 12 116 115 26 
54 116 8 117 115 
55 115 117 13 118 
56 26 115 118 10 
57 25 120 119 42 
58 120 12 121 119 
59 119 121 26 122 
60 42 119 122 23 
61 41 124 123 58 
62 124 25 125 123 
63 123 125 42 126 
64 58 123 126 39 
65 57 128 127 74 
66 128 41 129 127 
67 127 129 58 130 
68 74 127 130 55 
69 132 57 133 131 
70 131 133 74 134 
71 90 131 134 71 
72 135 137 90 138 
73 106 135 138 87 
74 139 142 106 143 
75 140 139 143 103 
76 144 104 88 147 
77 145 144 147 95 
78 5 150 148 149 
79 150 105 140 148 
80 148 140 103 151 
81 149 148 151 104 
82 19 153 152 38 
83 153 22 154 152 
84 152 154 8 116 
85 38 152 116 12 
86 35 156 155 54 
87 156 38 157 155 
88 155 157 12 120 
89 54 155 120 25 
90 51 159 158 70 
91 159 54 160 158 
92 158 160 25 124 
93 70 158 124 41 
94 67 162 161 86 
95 162 70 163 161 
96 161 163 41 128 
97 86 161 128 57 
98 83 165 164 102 
99 165 86 166 164 
100 164 166 57 132 
101 99 168 167 114 
102 168 102 169 167 
103 111 172 170 171 
104 172 114 173 170 
105 105 176 174 175 
106 176 141 177 174 
107 174 177 139 178 
108 175 174 178 140 
109 108 181 179 180 
110 181 100 112 179 
111 146 184 182 183 
112 184 5 149 182 
113 182 149 104 185 
114 183 182 185 144 
115 6 188 186 187 
116 188 17 32 186 
117 186 32 15 189 
118 187 186 189 16 
119 17 192 190 191 
120 192 33 48 190 
121 190 48 31 193 
122 191 190 193 32 
123 33 196 194 195 
124 196 49 64 194 
125 194 64 47 197 
126 195 194 197 48 
127 49 200 198 199 
128 200 65 80 198 
129 198 80 63 201 
130 199 198 201 64 
131 65 204 202 203 
132 204 81 96 202 
133 202 96 79 205 
134 203 202 205 80 
135 81 208 206 207 
136 206 145 95 209 
137 207 206 209 96 
138 212 146 183 210 
139 210 183 144 213 
140 211 210 213 145 
141 29 216 214 215 
142 216 28 45 214 
143 214 45 17 188 
144 215 214 188 6 
145 45 219 217 218 
146 219 44 61 217 
147 217 61 33 192 
148 218 217 192 17 
149 61 222 220 221 
150 222 60 77 220 
151 220 77 49 196 
152 221 220 196 33 
153 77 225 223 224 
154 225 76 93 223 
155 223 93 65 200 
156 224 223 200 49 
157 93 228 226 227 
158 228 92 109 226 
159 226 109 81 204 
160 227 226 204 65 
161 109 231 229 230 
162 231 108 180 229 
163 230 229 208 81 
164 208 234 232 233 
165 232 211 145 235 
166 233 232 235 206 
167 180 238 236 237 
168 238 179 239 236 
169 236 239 146 212 
170 237 236 212 97 
171 97 242 240 241 
172 242 212 243 240 
173 240 243 210 244 
174 241 240 244 211 
175 229 247 245 246 
176 247 180 237 245 
177 245 237 97 234 
178 246 245 234 208 
179 234 250 248 249 
180 250 97 241 248 
181 248 241 211 251 
182 249 248 251 232 
183 252 254 135 255 
184 142 252 255 106 
185 114 257 256 173 
186 257 167 258 256 
187 89 261 259 260 
188 261 253 262 259 
189 259 262 252 263 
190 260 259 263 142 
191 102 265 264 169 
192 265 164 266 264 
193 264 266 132 267 
194 169 264 267 73 
195 167 269 268 258 
196 269 169 270 268 
197 268 270 73 271 
198 258 268 271 136 
199 256 274 272 273 
200 274 258 275 272 
201 272 275 136 276 
202 273 272 276 253 
203 112 279 277 278 
204 279 111 171 277 
205 277 171 105 150 
206 278 277 150 5 
207 73 267 280 137 
208 267 132 281 280 
209 280 281 131 282 
210 137 280 282 90 
211 136 271 283 254 
212 271 73 284 283 
213 283 284 137 285 
214 254 283 285 135 
215 141 287 286 177 
216 287 89 260 286 
217 286 260 142 288 
218 177 286 288 139 
219 179 290 289 239 
220 290 112 278 289 
221 289 278 5 184 
222 239 289 184 146 
223 253 276 291 262 
224 276 136 292 291 
225 291 292 254 293 
226 262 291 293 252 
227 173 296 294 295 
228 296 256 273 294 
229 294 273 253 261 
230 295 294 261 89 
231 170 299 297 298 
232 299 173 295 297 
233 297 295 89 287 
234 298 297 287 141 
235 171 302 300 301 
236 302 170 298 300 
237 300 298 141 176 
238 301 300 176 105 
