2 0.000000 100.000000 5791.461216
271 211 
1 -7.291667 0.000000 -7.291667 98.474244 0.000001 17.365981 0.000125 
2 7.583333 0.000000 -7.291667 98.478338 0.000003 17.328886 0.000173 
3 7.583333 0.000000 7.291667 98.499744 0.000004 17.291264 -0.000119 
4 -7.291667 0.000000 7.291667 98.489695 0.000000 17.365030 -0.000176 
5 0.145833 0.000000 0.000000 98.878498 -0.000006 -0.001551 0.022304 
6 -7.291667 0.000000 0.000000 98.482546 0.000001 17.375578 -0.000072 
7 0.145833 0.000000 -7.291667 98.462151 0.000002 17.345571 0.000434 
8 7.583333 0.000000 0.000000 98.683196 0.000090 16.195566 -0.000067 
9 0.145833 0.000000 7.291667 98.507154 0.000002 17.338132 -0.000427 
10 3.864583 0.000000 3.645833 98.551731 0.000017 17.094149 -0.000465 
11 0.145833 0.000000 3.645833 98.585174 0.000007 17.254285 -0.001675 
12 3.864583 0.000000 0.000000 99.030026 0.000105 14.164514 -0.000758 
13 7.583333 0.000000 3.645833 98.557100 0.000023 16.957677 -0.000106 
14 3.864583 0.000000 7.291667 98.504312 0.000002 17.309344 -0.000271 
15 -3.572917 0.000000 3.645833 98.516270 0.000002 17.367731 -0.000709 
16 -7.291667 0.000000 3.645833 98.490189 0.000001 17.369878 -0.000203 
17 -3.572917 0.000000 0.000000 98.487872 0.000003 17.406235 -0.000284 
18 -3.572917 0.000000 7.291667 98.498964 0.000001 17.357849 -0.000334 
19 3.864583 0.000000 -3.645833 98.470438 0.000009 17.227393 0.000679 
20 0.145833 0.000000 -3.645833 98.407564 0.000006 17.283171 0.001724 
21 3.864583 0.000000 -7.291667 98.470231 0.000003 17.329688 0.000330 
22 7.583333 0.000000 -3.645833 98.488830 0.000008 17.262430 0.000196 
23 2.005208 0.000000 1.822917 98.729137 0.000027 16.445549 -0.001790 
24 0.145833 0.000000 1.822917 98.869803 0.000014 16.967729 -0.006314 
25 2.005208 0.000000 0.000000 99.354741 -0.000095 12.072010 -0.001710 
26 3.864583 0.000000 1.822917 98.743434 0.000037 15.971909 -0.000537 
27 2.005208 0.000000 3.645833 98.570468 0.000012 17.158301 -0.001054 
28 -3.572917 0.000000 -3.645833 98.453838 0.000002 17.371073 0.000509 
29 -7.291667 0.000000 -3.645833 98.474723 0.000001 17.370635 0.000099 
30 -3.572917 0.000000 -7.291667 98.467144 0.000001 17.360552 0.000283 
31 -1.713542 0.000000 1.822917 98.623374 0.000006 17.372453 -0.002837 
32 -3.572917 0.000000 1.822917 98.518366 0.000003 17.387245 -0.000818 
33 -1.713542 0.000000 0.000000 98.504738 0.000008 17.540742 -0.001086 
34 -1.713542 0.000000 3.645833 98.552884 0.000004 17.339427 -0.001333 
35 2.005208 0.000000 -1.822917 98.438062 0.000032 16.854076 0.002589 
36 0.145833 0.000000 -1.822917 98.196695 0.000019 17.057230 0.006646 
37 2.005208 0.000000 -3.645833 98.438711 0.000008 17.229553 0.001296 
38 3.864583 0.000000 -1.822917 98.514940 0.000031 16.949153 0.000753 
39 1.075521 0.000000 0.911458 99.219904 -0.000035 14.819538 -0.006421 
40 0.145833 0.000000 0.911458 99.769368 0.000007 16.112222 -0.021353 
41 1.075521 0.000000 0.000000 99.456327 -0.000343 10.631352 -0.000459 
42 2.005208 0.000000 0.911458 99.108716 -0.000087 14.141532 -0.002252 
43 1.075521 0.000000 1.822917 98.806047 0.000020 16.635890 -0.003939 
44 -1.713542 0.000000 -1.822917 98.371029 0.000006 17.384755 0.002091 
45 -3.572917 0.000000 -1.822917 98.455397 0.000002 17.389929 0.000413 
46 -1.713542 0.000000 -3.645833 98.425310 0.000003 17.349040 0.001147 
47 -0.783854 0.000000 0.911458 99.027358 0.000012 17.415483 -0.010972 
48 -1.713542 0.000000 0.911458 98.630245 0.000007 17.461170 -0.003282 
49 -0.783854 0.000000 0.000000 98.552324 0.000017 18.077027 -0.003934 
50 -0.783854 0.000000 1.822917 98.761336 0.000009 17.272082 -0.005213 
51 1.075521 0.000000 -0.911458 98.306014 0.000076 15.668789 0.009042 
52 0.145833 0.000000 -0.911458 97.488690 0.000045 16.318796 0.022965 
53 1.075521 0.000000 -1.822917 98.318209 0.000028 16.863623 0.004915 
54 2.005208 0.000000 -0.911458 98.579214 0.000082 15.968325 0.002715 
55 0.610677 0.000000 0.455729 100.130218 -0.000153 12.609960 -0.018507 
56 0.145833 0.000000 0.455729 101.915282 -0.000030 14.493417 -0.059678 
57 0.610677 0.000000 0.000000 99.378584 -0.000536 8.875002 0.004513 
58 1.075521 0.000000 0.455729 99.562694 -0.000306 12.244235 -0.006265 
59 0.610677 0.000000 0.911458 99.498112 -0.000012 15.259171 -0.013272 
60 -0.783854 0.000000 -0.911458 98.037848 0.000017 17.450728 0.008405 
61 -1.713542 0.000000 -0.911458 98.373493 0.000007 17.469965 0.001746 
62 -0.783854 0.000000 -1.822917 98.257897 0.000011 17.303445 0.004598 
63 -0.319010 0.000000 0.455729 100.355153 0.000013 17.638939 -0.038229 
64 -0.783854 0.000000 0.455729 99.051909 0.000014 17.755234 -0.012653 
65 -0.319010 0.000000 0.000000 98.636788 0.000024 20.227924 -0.013838 
66 -0.319010 0.000000 0.911458 99.494804 0.000013 17.045682 -0.018977 
67 0.610677 0.000000 -0.455729 97.777637 0.000081 13.315282 0.026224 
68 0.145833 0.000000 -0.455729 95.601880 0.000067 14.755851 0.064255 
69 0.610677 0.000000 -0.911458 97.906421 0.000064 15.722861 0.016712 
70 1.075521 0.000000 -0.455729 98.601837 0.000085 13.813810 0.008686 
71 0.378255 0.000000 0.227865 101.681102 -0.000185 9.864392 -0.043635 
72 0.145833 0.000000 0.227865 105.177990 -0.000073 12.106507 -0.120898 
73 0.378255 0.000000 0.000000 99.177772 -0.000304 5.864853 0.012937 
74 0.610677 0.000000 0.227865 100.162387 -0.000350 10.311231 -0.013883 
75 0.378255 0.000000 0.455729 100.941937 -0.000079 13.114997 -0.036128 
76 -0.319010 0.000000 -0.455729 96.866032 0.000034 17.710702 0.030330 
77 -0.783854 0.000000 -0.455729 98.040018 0.000018 17.779384 0.007205 
78 -0.319010 0.000000 -0.911458 97.642690 0.000027 17.128831 0.017251 
79 -0.086589 0.000000 0.227865 104.073026 -0.000006 18.303785 -0.116622 
80 -0.319010 0.000000 0.227865 100.449819 0.000015 18.897544 -0.044728 
81 -0.086589 0.000000 0.000000 98.718284 0.000021 29.498009 -0.061543 
82 -0.086589 0.000000 0.455729 101.538438 0.000001 16.582222 -0.058502 
83 0.378255 0.000000 -0.227865 96.331236 0.000068 10.307845 0.061404 
84 0.145833 0.000000 -0.227865 92.481498 0.000083 12.297837 0.129594 
85 0.378255 0.000000 -0.455729 96.768934 0.000078 13.499915 0.045353 
86 0.610677 0.000000 -0.227865 98.171358 0.000012 11.196272 0.023703 
87 0.262044 0.000000 0.113932 103.777340 -0.000196 6.883453 -0.081712 
88 0.145833 0.000000 0.113932 108.381140 -0.000115 8.451067 -0.181789 
89 0.262044 0.000000 0.000000 99.020905 -0.000064 -0.002275 0.019486 
90 0.378255 0.000000 0.113932 101.207369 -0.000298 7.552042 -0.029996 
91 0.262044 0.000000 0.227865 103.304472 -0.000122 10.288702 -0.077767 
92 -0.086589 0.000000 -0.227865 93.350163 0.000052 18.392850 0.094745 
93 -0.319010 0.000000 -0.227865 96.808550 0.000032 18.940798 0.026935 
94 -0.086589 0.000000 -0.455729 95.804064 0.000048 16.717461 0.054211 
95 0.029622 0.000000 0.113932 111.967708 -0.000047 16.012984 -0.279318 
96 -0.086589 0.000000 0.113932 105.487413 -0.000003 22.269801 -0.162354 
97 0.029622 0.000000 0.000000 98.788689 0.000013 -0.001156 0.024079 
98 0.029622 0.000000 0.227865 105.854432 -0.000033 15.494556 -0.144524 
99 0.262044 0.000000 -0.113932 94.166130 0.000112 7.069464 0.108276 
100 0.145833 0.000000 -0.113932 89.346273 0.000110 8.562293 0.194393 
101 0.262044 0.000000 -0.227865 94.525104 0.000085 10.581536 0.095304 
102 0.378255 0.000000 -0.113932 96.980776 0.000052 7.879750 0.053264 
103 0.203939 0.000000 0.056966 106.362461 -0.000210 4.128435 -0.133002 
104 0.145833 0.000000 0.056966 109.989651 -0.000147 4.775019 -0.212052 
105 0.203939 0.000000 0.000000 98.938199 -0.000024 -0.001818 0.021123 
106 0.262044 0.000000 0.056966 103.460793 -0.000258 4.288842 -0.072253 
107 0.203939 0.000000 0.113932 105.898395 -0.000155 7.197629 -0.126628 
108 0.029622 0.000000 -0.113932 85.589619 0.000076 16.083346 0.241574 
109 -0.086589 0.000000 -0.113932 91.939760 0.000046 22.315955 0.104908 
110 0.029622 0.000000 -0.227865 91.661582 0.000068 15.620929 0.135414 
111 0.203939 0.000000 -0.056966 91.496389 0.000162 4.204492 0.161073 
112 0.145833 0.000000 -0.056966 87.758437 0.000136 4.833221 0.227510 
113 0.203939 0.000000 -0.113932 91.931319 0.000118 7.340177 0.149475 
114 0.262044 0.000000 -0.056966 94.526842 0.000150 4.393171 0.104538 
115 5.723958 0.000000 1.822917 98.854325 0.000009 15.270700 -0.000537 
116 5.723958 0.000000 0.000000 98.808827 0.000116 15.466461 -0.000240 
117 7.583333 0.000000 1.822917 99.086273 -0.000103 13.937301 -0.001234 
118 5.723958 0.000000 3.645833 98.548452 0.000019 17.037177 -0.000206 
119 2.934896 0.000000 0.911458 99.212364 -0.000185 13.300898 -0.002001 
120 2.934896 0.000000 0.000000 99.160460 0.000048 13.358687 -0.001125 
121 3.864583 0.000000 0.911458 99.440113 -0.000376 11.945445 -0.003103 
122 2.934896 0.000000 1.822917 98.710965 0.000031 16.269604 -0.000855 
123 1.540365 0.000000 0.455729 99.544240 -0.000441 11.586654 -0.004331 
124 1.540365 0.000000 0.000000 99.441969 -0.000212 11.330883 -0.001709 
125 2.005208 0.000000 0.455729 99.607254 -0.000567 11.030163 -0.004327 
126 1.540365 0.000000 0.911458 99.114603 -0.000057 14.494940 -0.003381 
127 0.843099 0.000000 0.227865 99.799520 -0.000515 10.471550 -0.006960 
128 0.843099 0.000000 0.000000 99.446949 -0.000471 9.986083 0.001058 
129 1.075521 0.000000 0.227865 99.713426 -0.000650 10.430261 -0.005156 
130 0.843099 0.000000 0.455729 99.727088 -0.000235 12.416691 -0.009967 
131 0.494466 0.000000 0.113932 100.256041 -0.000439 8.542708 -0.012425 
132 0.494466 0.000000 0.000000 99.301702 -0.000442 7.815901 0.007808 
133 0.610677 0.000000 0.113932 99.919987 -0.000579 9.125117 -0.006727 
134 0.494466 0.000000 0.227865 100.684525 -0.000263 10.056910 -0.023851 
135 0.320150 0.000000 0.056966 101.330411 -0.000304 5.344195 -0.029641 
136 0.320150 0.000000 0.000000 99.093862 -0.000512 3.959678 0.016473 
137 0.378255 0.000000 0.056966 100.417766 -0.000387 6.427312 -0.012504 
138 0.320150 0.000000 0.113932 102.186382 -0.000242 7.134044 -0.049295 
139 0.232992 0.000000 0.028483 104.733500 -0.000311 2.388706 -0.097481 
140 0.203939 0.000000 0.028483 106.427936 -0.000270 2.394719 -0.133264 
141 0.232992 0.000000 0.000000 98.967338 -0.000036 -0.002027 0.020547 
142 0.262044 0.000000 0.028483 103.108540 -0.000297 2.612664 -0.063820 
143 0.232992 0.000000 0.056966 104.854255 -0.000238 4.103864 -0.101126 
144 0.087728 0.000000 0.056966 115.053523 -0.000103 7.203513 -0.328920 
145 0.029622 0.000000 0.056966 120.589551 -0.000056 15.699433 -0.478831 
146 0.087728 0.000000 0.000000 98.833647 0.000005 -0.001386 0.023191 
147 0.087728 0.000000 0.113932 110.911343 -0.000080 11.207174 -0.242693 
148 0.174886 0.000000 0.028483 98.907620 -0.000013 -0.001662 0.021728 
149 0.145833 0.000000 0.028483 98.907620 -0.000013 -0.001662 0.021728 
150 0.174886 0.000000 0.000000 98.908401 -0.000013 -0.001652 0.021713 
151 0.174886 0.000000 0.056966 108.028256 -0.000178 4.340449 -0.168894 
152 5.723958 0.000000 -1.822917 98.520414 0.000025 17.050311 0.000301 
153 5.723958 0.000000 -3.645833 98.484095 0.000009 17.244794 0.000350 
154 7.583333 0.000000 -1.822917 98.516396 0.000021 17.117328 0.000152 
155 2.934896 0.000000 -0.911458 98.614948 0.000076 16.256386 0.001082 
156 2.934896 0.000000 -1.822917 98.495368 0.000032 16.889164 0.001342 
157 3.864583 0.000000 -0.911458 98.615670 0.000069 16.421509 0.000528 
158 1.540365 0.000000 -0.455729 98.792675 0.000097 14.324141 0.003483 
159 1.540365 0.000000 -0.911458 98.499593 0.000081 15.807562 0.004795 
160 2.005208 0.000000 -0.455729 98.825786 0.000108 14.733243 0.001640 
161 0.843099 0.000000 -0.227865 98.741408 -0.000015 11.900621 0.010851 
162 0.843099 0.000000 -0.455729 98.331611 0.000082 13.530791 0.014781 
163 1.075521 0.000000 -0.227865 98.947219 -0.000012 12.425914 0.005504 
164 0.494466 0.000000 -0.113932 98.156552 -0.000035 9.083339 0.028278 
165 0.494466 0.000000 -0.227865 97.501206 0.000040 10.701501 0.037899 
166 0.610677 0.000000 -0.113932 98.672989 -0.000106 9.924145 0.016515 
167 0.320150 0.000000 -0.056966 96.802595 0.000095 5.500187 0.059901 
168 0.320150 0.000000 -0.113932 95.878929 0.000088 7.380874 0.075275 
169 0.378255 0.000000 -0.056966 97.861030 0.000027 6.665818 0.037879 
170 0.232992 0.000000 -0.028483 93.198030 0.000232 2.434135 0.130820 
171 0.203939 0.000000 -0.028483 91.439138 0.000219 2.433490 0.163296 
172 0.232992 0.000000 -0.056966 93.066537 0.000164 4.192165 0.132105 
173 0.262044 0.000000 -0.028483 94.894325 0.000181 2.667614 0.098795 
174 0.218465 0.000000 0.014242 98.957804 -0.000032 -0.001932 0.020735 
175 0.203939 0.000000 0.014242 98.937951 -0.000024 -0.001794 0.021128 
176 0.218465 0.000000 0.000000 98.945649 -0.000027 -0.001860 0.020976 
177 0.232992 0.000000 0.014242 98.974684 -0.000039 -0.002086 0.020401 
178 0.218465 0.000000 0.028483 105.566636 -0.000294 2.309157 -0.114965 
179 0.087728 0.000000 -0.056966 82.598615 0.000115 7.249093 0.312492 
180 0.029622 0.000000 -0.056966 76.979398 0.000083 15.735657 0.382656 
181 0.087728 0.000000 -0.113932 86.725509 0.000095 11.295168 0.235111 
182 0.116781 0.000000 0.028483 98.849376 0.000002 -0.001441 0.022880 
183 0.087728 0.000000 0.028483 116.753671 -0.000129 3.403925 -0.364301 
184 0.116781 0.000000 0.000000 98.856657 -0.000000 -0.001461 0.022736 
185 0.116781 0.000000 0.056966 112.302167 -0.000122 5.629937 -0.264347 
186 -5.432292 0.000000 1.822917 98.494712 0.000001 17.379028 -0.000324 
187 -7.291667 0.000000 1.822917 98.487568 0.000001 17.372955 -0.000162 
188 -5.432292 0.000000 0.000000 98.483953 0.000001 17.383571 -0.000128 
189 -5.432292 0.000000 3.645833 98.498081 0.000001 17.371696 -0.000365 
190 -2.643229 0.000000 0.911458 98.537129 0.000004 17.420348 -0.001303 
191 -3.572917 0.000000 0.911458 98.507635 0.000003 17.400058 -0.000652 
192 -2.643229 0.000000 0.000000 98.493011 0.000005 17.438531 -0.000498 
193 -2.643229 0.000000 1.822917 98.550963 0.000004 17.389601 -0.001469 
194 -1.248698 0.000000 0.455729 98.700637 0.000011 17.600921 -0.005161 
195 -1.713542 0.000000 0.455729 98.586173 0.000008 17.514607 -0.002599 
196 -1.248698 0.000000 0.000000 98.520029 0.000011 17.677279 -0.001868 
197 -1.248698 0.000000 0.911458 98.757557 0.000009 17.472187 -0.005833 
198 -0.551432 0.000000 0.227865 99.279992 0.000017 18.326614 -0.019238 
199 -0.783854 0.000000 0.227865 98.876570 0.000016 17.972219 -0.009958 
200 -0.551432 0.000000 0.000000 98.583736 0.000021 18.630295 -0.006584 
201 -0.551432 0.000000 0.455729 99.498756 0.000015 17.815880 -0.021741 
202 -0.202799 0.000000 0.113932 101.283398 0.000014 21.062302 -0.070195 
203 -0.319010 0.000000 0.113932 99.886624 0.000019 19.893045 -0.037307 
204 -0.202799 0.000000 0.000000 98.676689 0.000024 22.402699 -0.023897 
205 -0.202799 0.000000 0.227865 101.876220 0.000008 19.121641 -0.074440 
206 -0.028483 0.000000 0.056966 113.098979 -0.000013 27.729760 -0.356032 
207 -0.086589 0.000000 0.056966 104.378843 0.000006 26.376930 -0.159069 
208 -0.028483 0.000000 0.000000 98.749926 0.000018 48.280036 -0.208251 
209 -0.028483 0.000000 0.113932 109.432931 -0.000020 20.727375 -0.240519 
210 0.058675 0.000000 0.028483 122.055404 -0.000113 5.490620 -0.492767 
211 0.029622 0.000000 0.028483 129.618852 -0.000069 11.939298 -0.694359 
212 0.058675 0.000000 0.000000 98.809112 0.000010 -0.001252 0.023676 
213 0.058675 0.000000 0.056966 118.168696 -0.000082 10.187561 -0.406763 
214 -5.432292 0.000000 -1.822917 98.472758 0.000001 17.379935 0.000105 
215 -7.291667 0.000000 -1.822917 98.477747 0.000001 17.373395 0.000030 
216 -5.432292 0.000000 -3.645833 98.468309 0.000001 17.373087 0.000217 
217 -2.643229 0.000000 -0.911458 98.447233 0.000004 17.423722 0.000456 
218 -3.572917 0.000000 -0.911458 98.467506 0.000003 17.401608 0.000133 
219 -2.643229 0.000000 -1.822917 98.429773 0.000004 17.394947 0.000900 
220 -1.248698 0.000000 -0.455729 98.335349 0.000012 17.611101 0.002001 
221 -1.713542 0.000000 -0.455729 98.421718 0.000008 17.519600 0.000623 
222 -1.248698 0.000000 -0.911458 98.268589 0.000011 17.488977 0.003742 
223 -0.551432 0.000000 -0.227865 97.880615 0.000024 18.349618 0.008268 
224 -0.783854 0.000000 -0.227865 98.224644 0.000018 17.985484 0.002844 
225 -0.551432 0.000000 -0.455729 97.643913 0.000024 17.856290 0.014682 
226 -0.202799 0.000000 -0.113932 96.063858 0.000034 21.095019 0.032674 
227 -0.319010 0.000000 -0.113932 97.383000 0.000029 19.915826 0.011991 
228 -0.202799 0.000000 -0.227865 95.453863 0.000040 19.183008 0.052057 
229 -0.028483 0.000000 -0.056966 84.397788 0.000049 27.758856 0.210646 
230 -0.086589 0.000000 -0.056966 93.055358 0.000036 26.400512 0.064371 
231 -0.028483 0.000000 -0.113932 88.054841 0.000058 20.784135 0.181436 
232 0.000570 0.000000 0.028483 130.696180 -0.000020 30.556525 -0.801519 
233 -0.028483 0.000000 0.028483 113.114408 -0.000001 37.094972 -0.417091 
234 0.000570 0.000000 0.000000 98.773260 0.000015 -0.001167 0.024384 
235 0.000570 0.000000 0.056966 119.117410 -0.000031 23.258521 -0.472992 
236 0.058675 0.000000 -0.028483 75.557120 0.000133 5.511075 0.426075 
237 0.029622 0.000000 -0.028483 67.953106 0.000095 11.957546 0.523939 
238 0.058675 0.000000 -0.056966 79.440372 0.000102 10.228133 0.358461 
239 0.087728 0.000000 -0.028483 80.902462 0.000140 3.426925 0.344305 
240 0.044149 0.000000 0.014242 98.798003 0.000012 -0.001150 0.023895 
241 0.029622 0.000000 0.014242 98.783927 0.000014 -0.001102 0.024174 
242 0.044149 0.000000 0.000000 98.794860 0.000012 -0.001132 0.023958 
243 0.058675 0.000000 0.014242 98.809112 0.000010 -0.001252 0.023676 
244 0.044149 0.000000 0.028483 125.544349 -0.000093 7.790443 -0.582207 
245 0.000570 0.000000 -0.028483 66.838026 0.000052 30.572850 0.459798 
246 -0.028483 0.000000 -0.028483 84.384668 0.000037 37.109613 0.150210 
247 0.000570 0.000000 -0.056966 78.414165 0.000063 23.290947 0.330875 
248 0.015096 0.000000 0.014242 98.778784 0.000015 -0.001132 0.024275 
249 0.000570 0.000000 0.014242 98.774765 0.000015 -0.001133 0.024355 
250 0.015096 0.000000 0.000000 98.779785 0.000015 -0.001102 0.024255 
251 0.015096 0.000000 0.028483 132.875049 -0.000042 19.644112 -0.804167 
252 0.291097 0.000000 0.028483 101.460365 -0.000271 3.306704 -0.030514 
253 0.291097 0.000000 0.000000 99.037832 -0.000073 -0.002404 0.019151 
254 0.320150 0.000000 0.028483 100.459023 -0.000288 4.440773 -0.011174 
255 0.291097 0.000000 0.056966 102.233907 -0.000277 4.734648 -0.047419 
256 0.291097 0.000000 -0.028483 96.621913 0.000106 3.377635 0.065280 
257 0.291097 0.000000 -0.056966 95.825121 0.000124 4.860899 0.079392 
258 0.320150 0.000000 -0.028483 97.706990 0.000060 4.538920 0.043274 
259 0.276571 0.000000 0.014242 99.033181 -0.000070 -0.002352 0.019243 
260 0.262044 0.000000 0.014242 99.021263 -0.000064 -0.002286 0.019479 
261 0.276571 0.000000 0.000000 99.026430 -0.000067 -0.002319 0.019377 
262 0.291097 0.000000 0.014242 99.033181 -0.000070 -0.002352 0.019243 
263 0.276571 0.000000 0.028483 102.256727 -0.000280 2.867826 -0.046466 
264 0.174886 0.000000 -0.028483 98.907620 -0.000013 -0.001662 0.021728 
265 0.145833 0.000000 -0.028483 98.907620 -0.000013 -0.001662 0.021728 
266 0.174886 0.000000 -0.056966 89.773158 0.000150 4.406717 0.192136 
267 0.247518 0.000000 0.014242 98.987176 -0.000046 -0.002151 0.020154 
268 0.247518 0.000000 0.000000 98.992593 -0.000049 -0.002160 0.020047 
269 0.247518 0.000000 0.028483 103.931625 -0.000312 2.480448 -0.080794 
270 0.116781 0.000000 -0.028483 98.849376 0.000002 -0.001441 0.022880 
271 0.116781 0.000000 -0.056966 85.396241 0.000125 5.681327 0.267520 
1 10 13 3 14 
2 11 10 14 9 
3 15 11 9 18 
4 16 15 18 4 
5 7 21 19 20 
6 21 2 22 19 
7 23 26 10 27 
8 24 23 27 11 
9 1 30 28 29 
10 30 7 20 28 
11 31 24 11 34 
12 32 31 34 15 
13 20 37 35 36 
14 37 19 38 35 
15 39 42 23 43 
16 40 39 43 24 
17 28 46 44 45 
18 46 20 36 44 
19 47 40 24 50 
20 48 47 50 31 
21 36 53 51 52 
22 53 35 54 51 
23 55 58 39 59 
24 56 55 59 40 
25 44 62 60 61 
26 62 36 52 60 
27 63 56 40 66 
28 64 63 66 47 
29 52 69 67 68 
30 69 51 70 67 
31 71 74 55 75 
32 72 71 75 56 
33 60 78 76 77 
34 78 52 68 76 
35 79 72 56 82 
36 80 79 82 63 
37 68 85 83 84 
38 85 67 86 83 
39 87 90 71 91 
40 88 87 91 72 
41 76 94 92 93 
42 94 68 84 92 
43 95 88 72 98 
44 96 95 98 79 
45 84 101 99 100 
46 101 83 102 99 
47 103 106 87 107 
48 104 103 107 88 
49 92 110 108 109 
50 110 84 100 108 
51 100 113 111 112 
52 113 99 114 111 
53 12 116 115 26 
54 116 8 117 115 
55 115 117 13 118 
56 26 115 118 10 
57 25 120 119 42 
58 120 12 121 119 
59 119 121 26 122 
60 42 119 122 23 
61 41 124 123 58 
62 124 25 125 123 
63 123 125 42 126 
64 58 123 126 39 
65 57 128 127 74 
66 128 41 129 127 
67 127 129 58 130 
68 74 127 130 55 
69 73 132 131 90 
70 132 57 133 131 
71 131 133 74 134 
72 90 131 134 71 
73 136 73 137 135 
74 135 137 90 138 
75 106 135 138 87 
76 139 142 106 143 
77 140 139 143 103 
78 144 104 88 147 
79 145 144 147 95 
80 5 150 148 149 
81 150 105 140 148 
82 148 140 103 151 
83 149 148 151 104 
84 19 153 152 38 
85 153 22 154 152 
86 152 154 8 116 
87 38 152 116 12 
88 35 156 155 54 
89 156 38 157 155 
90 155 157 12 120 
91 54 155 120 25 
92 51 159 158 70 
93 159 54 160 158 
94 158 160 25 124 
95 70 158 124 41 
96 67 162 161 86 
97 162 70 163 161 
98 161 163 41 128 
99 86 161 128 57 
100 83 165 164 102 
101 165 86 166 164 
102 164 166 57 132 
103 102 164 132 73 
104 99 168 167 114 
105 168 102 169 167 
106 167 169 73 136 
107 111 172 170 171 
108 172 114 173 170 
109 170 173 89 141 
110 171 170 141 105 
111 105 176 174 175 
112 176 141 177 174 
113 174 177 139 178 
114 175 174 178 140 
115 108 181 179 180 
116 181 100 112 179 
117 146 184 182 183 
118 184 5 149 182 
119 182 149 104 185 
120 183 182 185 144 
121 6 188 186 187 
122 188 17 32 186 
123 186 32 15 189 
124 187 186 189 16 
125 17 192 190 191 
126 192 33 48 190 
127 190 48 31 193 
128 191 190 193 32 
129 33 196 194 195 
130 196 49 64 194 
131 194 64 47 197 
132 195 194 197 48 
133 49 200 198 199 
134 200 65 80 198 
135 198 80 63 201 
136 199 198 201 64 
137 65 204 202 203 
138 204 81 96 202 
139 202 96 79 205 
140 203 202 205 80 
141 81 208 206 207 
142 206 145 95 209 
143 207 206 209 96 
144 212 146 183 210 
145 210 183 144 213 
146 211 210 213 145 
147 29 216 214 215 
148 216 28 45 214 
149 214 45 17 188 
150 215 214 188 6 
151 45 219 217 218 
152 219 44 61 217 
153 217 61 33 192 
154 218 217 192 17 
155 61 222 220 221 
156 222 60 77 220 
157 220 77 49 196 
158 221 220 196 33 
159 77 225 223 224 
160 225 76 93 223 
161 223 93 65 200 
162 224 223 200 49 
163 93 228 226 227 
164 228 92 109 226 
165 226 109 81 204 
166 227 226 204 65 
167 109 231 229 230 
168 231 108 180 229 
169 230 229 208 81 
170 208 234 232 233 
171 232 211 145 235 
172 233 232 235 206 
173 180 238 236 237 
174 238 179 239 236 
175 236 239 146 212 
176 237 236 212 97 
177 97 242 240 241 
178 242 212 243 240 
179 240 243 210 244 
180 241 240 244 211 
181 229 247 245 246 
182 247 180 237 245 
183 245 237 97 234 
184 246 245 234 208 
185 234 250 248 249 
186 250 97 241 248 
187 248 241 211 251 
188 249 248 251 232 
189 253 136 254 252 
190 252 254 135 255 
191 142 252 255 106 
192 114 257 256 173 
193 257 167 258 256 
194 256 258 136 253 
195 173 256 253 89 
196 89 261 259 260 
197 261 253 262 259 
198 259 262 252 263 
199 260 259 263 142 
200 112 266 264 265 
201 266 111 171 264 
202 264 171 105 150 
203 265 264 150 5 
204 141 268 267 177 
205 268 89 260 267 
206 267 260 142 269 
207 177 267 269 139 
208 179 271 270 239 
209 271 112 265 270 
210 270 265 5 184 
211 239 270 184 146 
