2 0.000000 100.000000 5791.461216
240 184 
1 -5.000000 0.000000 -5.000000 99.616801 0.000000 8.716209 0.000052 
2 5.700000 0.000000 -5.000000 99.617824 0.000001 8.700057 0.000060 
3 5.700000 0.000000 5.000000 99.623843 0.000001 8.693573 -0.000049 
4 -5.000000 0.000000 5.000000 99.622531 -0.000000 8.716061 -0.000062 
5 0.350000 0.000000 0.000000 99.514974 -0.000022 5.900997 0.006195 
6 -5.000000 0.000000 0.000000 99.619780 0.000000 8.719400 -0.000013 
7 0.350000 0.000000 -5.000000 99.611424 0.000001 8.706942 0.000175 
8 5.700000 0.000000 0.000000 99.720703 0.000013 7.550481 -0.000123 
9 0.350000 0.000000 5.000000 99.629008 0.000000 8.705550 -0.000173 
10 -2.325000 0.000000 2.500000 99.631935 0.000000 8.716940 -0.000251 
11 -5.000000 0.000000 2.500000 99.622508 0.000000 8.717844 -0.000064 
12 -2.325000 0.000000 0.000000 99.620640 0.000000 8.730632 -0.000050 
13 0.350000 0.000000 2.500000 99.656763 0.000000 8.675751 -0.000674 
14 -2.325000 0.000000 5.000000 99.625995 0.000000 8.713650 -0.000127 
15 -2.325000 0.000000 -2.500000 99.608548 0.000000 8.717496 0.000214 
16 -5.000000 0.000000 -2.500000 99.616974 0.000000 8.717958 0.000046 
17 -2.325000 0.000000 -5.000000 99.613720 0.000000 8.714088 0.000117 
18 0.350000 0.000000 -2.500000 99.587639 0.000001 8.680479 0.000695 
19 3.025000 0.000000 2.500000 99.636825 0.000002 8.625039 -0.000189 
20 3.025000 0.000000 0.000000 99.770547 -0.000025 6.955455 -0.000254 
21 5.700000 0.000000 2.500000 99.630710 0.000002 8.610458 -0.000042 
22 3.025000 0.000000 5.000000 99.626651 0.000000 8.697012 -0.000111 
23 -0.987500 0.000000 1.250000 99.670483 0.000001 8.721774 -0.001027 
24 -2.325000 0.000000 1.250000 99.631965 0.000000 8.724244 -0.000264 
25 -0.987500 0.000000 0.000000 99.623057 0.000001 8.782698 -0.000189 
26 0.350000 0.000000 1.250000 99.758139 0.000003 8.560539 -0.002497 
27 -0.987500 0.000000 2.500000 99.645760 0.000000 8.706535 -0.000508 
28 3.025000 0.000000 -2.500000 99.613406 0.000002 8.650258 0.000234 
29 3.025000 0.000000 -5.000000 99.614577 0.000001 8.700580 0.000124 
30 5.700000 0.000000 -2.500000 99.621089 0.000003 8.661738 0.000061 
31 -0.987500 0.000000 -1.250000 99.573533 0.000000 8.723446 0.000901 
32 -2.325000 0.000000 -1.250000 99.609036 0.000000 8.724654 0.000192 
33 -0.987500 0.000000 -2.500000 99.596184 0.000001 8.708133 0.000477 
34 0.350000 0.000000 -1.250000 99.498863 0.000002 8.573787 0.002647 
35 1.687500 0.000000 1.250000 99.681608 0.000005 8.401373 -0.000701 
36 1.687500 0.000000 0.000000 99.765209 -0.000048 6.911655 -0.000087 
37 3.025000 0.000000 1.250000 99.658701 0.000002 8.354860 -0.000166 
38 1.687500 0.000000 2.500000 99.647151 0.000000 8.643522 -0.000427 
39 -0.318750 0.000000 0.625000 99.833207 0.000002 8.729518 -0.004287 
40 -0.987500 0.000000 0.625000 99.672207 0.000001 8.752880 -0.001116 
41 -0.318750 0.000000 0.000000 99.628516 0.000002 9.072480 -0.000815 
42 0.350000 0.000000 0.625000 100.057845 0.000002 8.198450 -0.007879 
43 -0.318750 0.000000 1.250000 99.723574 0.000002 8.679638 -0.002013 
44 1.687500 0.000000 -1.250000 99.595783 0.000004 8.473436 0.000888 
45 1.687500 0.000000 -2.500000 99.600360 0.000002 8.656497 0.000483 
46 3.025000 0.000000 -1.250000 99.625321 0.000008 8.510887 0.000236 
47 -0.318750 0.000000 -0.625000 99.420423 0.000002 8.733552 0.003930 
48 -0.987500 0.000000 -0.625000 99.573271 0.000001 8.754046 0.000853 
49 -0.318750 0.000000 -1.250000 99.524882 0.000001 8.684108 0.001938 
50 0.350000 0.000000 -0.625000 99.223462 0.000005 8.220537 0.008713 
51 1.018750 0.000000 0.625000 99.804184 -0.000004 7.883833 -0.002303 
52 1.018750 0.000000 0.000000 99.714701 -0.000048 7.061444 0.000711 
53 1.687500 0.000000 0.625000 99.731153 -0.000005 7.744182 -0.000628 
54 1.018750 0.000000 1.250000 99.720116 0.000004 8.450366 -0.001551 
55 0.015625 0.000000 0.312500 100.569954 0.000002 8.569134 -0.018775 
56 -0.318750 0.000000 0.312500 99.870586 0.000002 8.869956 -0.005281 
57 0.015625 0.000000 0.000000 99.636724 0.000003 -0.000004 0.007252 
58 0.350000 0.000000 0.312500 100.623477 -0.000001 7.308439 -0.017850 
59 0.015625 0.000000 0.625000 100.008568 0.000002 8.552826 -0.007486 
60 1.018750 0.000000 -0.625000 99.528759 0.000009 7.962716 0.003062 
61 1.018750 0.000000 -1.250000 99.548515 0.000003 8.486116 0.001808 
62 1.687500 0.000000 -0.625000 99.633722 0.000011 8.034395 0.000857 
63 0.015625 0.000000 -0.312500 98.700003 0.000003 8.575082 0.018478 
64 -0.318750 0.000000 -0.312500 99.385459 0.000002 8.872419 0.004381 
65 0.015625 0.000000 -0.625000 99.254734 0.000003 8.561737 0.007519 
66 0.350000 0.000000 -0.312500 98.674464 0.000007 7.322216 0.020974 
67 0.684375 0.000000 0.312500 100.027182 -0.000010 7.101711 -0.005587 
68 0.684375 0.000000 0.000000 99.628954 -0.000030 7.055448 0.002429 
69 1.018750 0.000000 0.312500 99.833276 -0.000030 7.128421 -0.001750 
70 0.684375 0.000000 0.625000 99.922144 -0.000001 7.972106 -0.004799 
71 0.182813 0.000000 0.156250 101.888367 0.000001 6.634677 -0.042526 
72 0.015625 0.000000 0.156250 101.345298 0.000002 8.761456 -0.034763 
73 0.182813 0.000000 0.000000 99.621802 0.000003 -0.000008 0.007550 
74 0.350000 0.000000 0.156250 100.866839 -0.000000 6.015559 -0.021031 
75 0.182813 0.000000 0.312500 100.805272 0.000001 7.894668 -0.022403 
76 -3.662500 0.000000 1.250000 99.623900 0.000000 8.720696 -0.000097 
77 -5.000000 0.000000 1.250000 99.621497 0.000000 8.718907 -0.000046 
78 -3.662500 0.000000 0.000000 99.620025 0.000000 8.722157 -0.000023 
79 -3.662500 0.000000 2.500000 99.625317 0.000000 8.718333 -0.000121 
80 -1.656250 0.000000 0.625000 99.637711 0.000000 8.738089 -0.000403 
81 -2.325000 0.000000 0.625000 99.627822 0.000000 8.728569 -0.000189 
82 -1.656250 0.000000 0.000000 99.621273 0.000001 8.744477 -0.000086 
83 -1.656250 0.000000 1.250000 99.643616 0.000000 8.725687 -0.000499 
84 -0.653125 0.000000 0.312500 99.700692 0.000001 8.810801 -0.001786 
85 -0.987500 0.000000 0.312500 99.654867 0.000001 8.773090 -0.000806 
86 -0.653125 0.000000 0.000000 99.624904 0.000001 8.842926 -0.000332 
87 -0.653125 0.000000 0.625000 99.722250 0.000001 8.758627 -0.002124 
88 -0.151562 0.000000 0.156250 100.161879 0.000002 9.186043 -0.011679 
89 -0.318750 0.000000 0.156250 99.809989 0.000002 9.002734 -0.004308 
90 -0.151562 0.000000 0.000000 99.631637 0.000002 9.547043 -0.001761 
91 -0.151562 0.000000 0.312500 100.133219 0.000002 8.857962 -0.010513 
92 0.684375 0.000000 -0.312500 99.335515 0.000010 7.153700 0.008128 
93 0.684375 0.000000 -0.625000 99.382303 0.000008 8.024155 0.005877 
94 1.018750 0.000000 -0.312500 99.592290 0.000007 7.282062 0.002835 
95 0.182813 0.000000 -0.156250 97.391027 0.000005 6.636058 0.047095 
96 0.015625 0.000000 -0.156250 97.926414 0.000003 8.764456 0.033360 
97 0.182813 0.000000 -0.312500 98.474353 0.000005 7.903372 0.024034 
98 0.350000 0.000000 -0.156250 98.424633 0.000007 5.995168 0.027665 
99 0.099219 0.000000 0.078125 103.568066 0.000002 6.305970 -0.076611 
100 0.015625 0.000000 0.078125 102.466122 0.000003 9.145268 -0.058294 
101 0.099219 0.000000 0.000000 99.636685 0.000003 -0.000002 0.007253 
102 0.182813 0.000000 0.078125 102.622918 0.000002 4.638892 -0.055298 
103 0.099219 0.000000 0.156250 101.925468 0.000002 7.737815 -0.044867 
104 -3.662500 0.000000 -1.250000 99.616087 0.000000 8.720844 0.000058 
105 -5.000000 0.000000 -1.250000 99.618041 0.000000 8.718972 0.000023 
106 -3.662500 0.000000 -2.500000 99.614475 0.000000 8.718560 0.000094 
107 -1.656250 0.000000 -0.625000 99.604659 0.000001 8.738537 0.000255 
108 -2.325000 0.000000 -0.625000 99.613386 0.000000 8.728802 0.000098 
109 -1.656250 0.000000 -1.250000 99.598508 0.000001 8.726481 0.000399 
110 -0.653125 0.000000 -0.312500 99.548741 0.000001 8.811978 0.001240 
111 -0.987500 0.000000 -0.312500 99.591076 0.000001 8.773729 0.000464 
112 -0.653125 0.000000 -0.625000 99.526196 0.000001 8.760692 0.001779 
113 -0.151562 0.000000 -0.156250 99.100986 0.000002 9.188042 0.009457 
114 -0.318750 0.000000 -0.156250 99.446787 0.000002 9.004033 0.002926 
115 -0.151562 0.000000 -0.312500 99.128438 0.000002 8.861734 0.009502 
116 0.099219 0.000000 -0.078125 95.705730 0.000004 6.306996 0.080064 
117 0.015625 0.000000 -0.078125 96.805845 0.000003 9.146719 0.054497 
118 0.099219 0.000000 -0.156250 97.349053 0.000004 7.740742 0.046324 
119 0.182813 0.000000 -0.078125 96.650002 0.000005 4.635431 0.063729 
120 0.517188 0.000000 0.156250 100.225231 -0.000004 6.322853 -0.008508 
121 0.517188 0.000000 0.000000 99.567706 -0.000025 6.849925 0.003935 
122 0.684375 0.000000 0.156250 99.944810 -0.000011 6.654440 -0.003325 
123 0.517188 0.000000 0.312500 100.285533 -0.000004 7.097200 -0.010756 
124 0.266406 0.000000 0.078125 101.313734 0.000001 4.606284 -0.028569 
125 0.266406 0.000000 0.000000 99.524589 -0.000039 4.313821 0.007625 
126 0.350000 0.000000 0.078125 100.547052 0.000001 5.286474 -0.013766 
127 0.266406 0.000000 0.156250 101.391446 0.000001 6.084050 -0.031724 
128 0.141016 0.000000 0.039062 103.929943 0.000002 3.043280 -0.081069 
129 0.099219 0.000000 0.039062 104.868585 0.000002 3.969865 -0.101318 
130 0.141016 0.000000 0.000000 99.634446 0.000003 -0.000004 0.007298 
131 0.182813 0.000000 0.039062 102.817941 0.000002 2.679290 -0.057871 
132 0.141016 0.000000 0.078125 103.229426 0.000002 5.249523 -0.068387 
133 0.517188 0.000000 -0.156250 99.100503 0.000009 6.260719 0.013989 
134 0.517188 0.000000 -0.312500 99.040862 0.000010 7.122714 0.014017 
135 0.684375 0.000000 -0.156250 99.432898 0.000007 6.555762 0.007012 
136 0.266406 0.000000 -0.078125 97.944153 0.000006 4.569168 0.038607 
137 0.266406 0.000000 -0.156250 97.892609 0.000006 6.078594 0.038009 
138 0.350000 0.000000 -0.078125 98.700595 0.000007 5.166306 0.023150 
139 0.141016 0.000000 -0.039062 95.342983 0.000004 3.042818 0.090046 
140 0.099219 0.000000 -0.039062 94.404744 0.000004 3.970270 0.107198 
141 0.141016 0.000000 -0.078125 96.045190 0.000004 5.249494 0.074776 
142 0.182813 0.000000 -0.039062 96.448136 0.000004 2.674798 0.069060 
143 0.224609 0.000000 0.039062 101.559667 0.000003 3.093323 -0.032393 
144 0.224609 0.000000 0.000000 99.611599 0.000003 -0.000008 0.007753 
145 0.266406 0.000000 0.039062 100.748918 0.000003 4.012856 -0.016645 
146 0.224609 0.000000 0.078125 101.917397 0.000001 4.472901 -0.040716 
147 0.161914 0.000000 0.019531 99.632369 0.000003 0.000001 0.007339 
148 0.141016 0.000000 0.019531 104.145363 0.000003 1.551832 -0.084866 
149 0.161914 0.000000 0.000000 99.631614 0.000003 -0.000001 0.007354 
150 0.182813 0.000000 0.019531 99.627738 0.000003 -0.000007 0.007431 
151 0.161914 0.000000 0.039062 103.404289 0.000002 2.803734 -0.070031 
152 -0.067969 0.000000 0.078125 100.554392 0.000003 9.697624 -0.020523 
153 -0.151562 0.000000 0.078125 99.995504 0.000002 9.412404 -0.008769 
154 -0.067969 0.000000 0.000000 99.633686 0.000003 10.304896 -0.003306 
155 -0.067969 0.000000 0.156250 100.632651 0.000002 9.185905 -0.021131 
156 0.057422 0.000000 0.039062 105.415379 0.000002 5.979360 -0.114815 
157 0.015625 0.000000 0.039062 104.164332 0.000003 9.429512 -0.093912 
158 0.057422 0.000000 0.000000 99.637433 0.000003 -0.000003 0.007238 
159 0.057422 0.000000 0.078125 103.373571 0.000002 7.774124 -0.074653 
160 0.120117 0.000000 0.019531 104.770409 0.000002 1.729408 -0.097983 
161 0.099219 0.000000 0.019531 105.419656 0.000001 1.997168 -0.111729 
162 0.120117 0.000000 0.000000 99.635884 0.000003 -0.000005 0.007269 
163 0.120117 0.000000 0.039062 104.417965 0.000002 3.415437 -0.091478 
164 0.224609 0.000000 -0.039062 97.680062 0.000004 3.063575 0.044922 
165 0.224609 0.000000 -0.078125 97.349484 0.000005 4.459126 0.050319 
166 0.266406 0.000000 -0.039062 98.453663 0.000005 3.900236 0.029166 
167 0.161914 0.000000 -0.019531 99.632369 0.000003 0.000001 0.007339 
168 0.141016 0.000000 -0.019531 95.126945 0.000003 1.551516 0.094846 
169 0.161914 0.000000 -0.039062 95.866597 0.000004 2.802059 0.080174 
170 0.182813 0.000000 -0.019531 99.627738 0.000003 -0.000007 0.007431 
171 0.151465 0.000000 0.009766 99.633541 0.000003 -0.000002 0.007316 
172 0.141016 0.000000 0.009766 99.634446 0.000003 -0.000004 0.007298 
173 0.151465 0.000000 0.000000 99.633541 0.000003 -0.000002 0.007316 
174 0.161914 0.000000 0.009766 99.631614 0.000003 -0.000001 0.007354 
175 0.151465 0.000000 0.019531 103.834908 0.000004 1.462466 -0.078383 
176 -0.067969 0.000000 -0.078125 98.712868 0.000003 9.698871 0.016170 
177 -0.151562 0.000000 -0.078125 99.267668 0.000002 9.413417 0.005732 
178 -0.067969 0.000000 -0.156250 98.634255 0.000003 9.188387 0.018686 
179 -0.026172 0.000000 0.039062 101.290060 0.000003 10.615910 -0.037237 
180 -0.067969 0.000000 0.039062 100.265257 0.000003 10.085096 -0.015483 
181 -0.026172 0.000000 0.000000 99.634826 0.000003 11.848903 -0.006750 
182 -0.026172 0.000000 0.078125 101.305658 0.000003 9.731619 -0.035754 
183 0.057422 0.000000 -0.039062 93.856460 0.000004 5.979984 0.115520 
184 0.015625 0.000000 -0.039062 95.107666 0.000003 9.430227 0.086560 
185 0.057422 0.000000 -0.078125 95.898371 0.000003 7.775438 0.074305 
186 0.036523 0.000000 0.019531 99.637681 0.000003 -0.000002 0.007233 
187 0.015625 0.000000 0.019531 99.636211 0.000003 -0.000005 0.007263 
188 0.036523 0.000000 0.000000 99.637074 0.000003 -0.000004 0.007245 
189 0.057422 0.000000 0.019531 99.637282 0.000003 -0.000003 0.007241 
190 0.036523 0.000000 0.039062 105.167933 0.000003 7.610625 -0.111822 
191 -0.026172 0.000000 -0.039062 97.979569 0.000003 10.616589 0.028729 
192 -0.067969 0.000000 -0.039062 99.002087 0.000003 10.085720 0.009686 
193 -0.026172 0.000000 -0.078125 97.963898 0.000003 9.732983 0.030834 
194 0.036523 0.000000 -0.019531 99.637681 0.000003 -0.000002 0.007233 
195 0.015625 0.000000 -0.019531 99.636211 0.000003 -0.000005 0.007263 
196 0.036523 0.000000 -0.039062 94.105235 0.000003 7.611340 0.108627 
197 0.057422 0.000000 -0.019531 99.637282 0.000003 -0.000003 0.007241 
198 0.078320 0.000000 0.019531 99.636685 0.000003 -0.000002 0.007253 
199 0.078320 0.000000 0.000000 99.636930 0.000003 -0.000003 0.007248 
200 0.078320 0.000000 0.039062 105.238397 0.000002 4.784090 -0.109801 
201 0.046973 0.000000 0.009766 99.637722 0.000003 -0.000003 0.007232 
202 0.036523 0.000000 0.009766 99.637074 0.000003 -0.000004 0.007245 
203 0.046973 0.000000 0.000000 99.637565 0.000003 -0.000003 0.007236 
204 0.057422 0.000000 0.009766 99.637433 0.000003 -0.000003 0.007238 
205 0.046973 0.000000 0.019531 99.637885 0.000003 -0.000003 0.007229 
206 -0.005273 0.000000 0.019531 99.635895 0.000003 -0.000004 0.007269 
207 -0.026172 0.000000 0.019531 100.859298 0.000003 11.342576 -0.030125 
208 -0.005273 0.000000 0.000000 99.635927 0.000003 -0.000006 0.007268 
209 -0.005273 0.000000 0.039062 102.559710 0.000003 10.527628 -0.062933 
210 -0.005273 0.000000 -0.019531 99.635895 0.000003 -0.000004 0.007269 
211 -0.026172 0.000000 -0.019531 98.410348 0.000003 11.342915 0.018674 
212 -0.005273 0.000000 -0.039062 96.711100 0.000003 10.528330 0.053612 
213 0.005176 0.000000 0.009766 99.636211 0.000003 -0.000005 0.007263 
214 -0.005273 0.000000 0.009766 99.635927 0.000003 -0.000006 0.007268 
215 0.005176 0.000000 0.000000 99.636138 0.000003 -0.000007 0.007264 
216 0.015625 0.000000 0.009766 99.636588 0.000003 -0.000004 0.007255 
217 0.005176 0.000000 0.019531 99.635927 0.000003 -0.000006 0.007268 
218 0.203711 0.000000 0.019531 99.614961 0.000003 -0.000007 0.007686 
219 0.203711 0.000000 0.000000 99.617753 0.000003 -0.000008 0.007630 
220 0.224609 0.000000 0.019531 99.607445 0.000002 -0.000010 0.007836 
221 0.203711 0.000000 0.039062 102.167044 0.000003 2.780735 -0.044584 
222 0.203711 0.000000 -0.019531 99.614961 0.000003 -0.000007 0.007686 
223 0.203711 0.000000 -0.039062 97.089165 0.000004 2.769002 0.056603 
224 0.224609 0.000000 -0.019531 99.607445 0.000002 -0.000010 0.007836 
225 0.193262 0.000000 0.009766 99.620072 0.000003 -0.000007 0.007584 
226 0.182813 0.000000 0.009766 99.623229 0.000003 -0.000006 0.007521 
227 0.193262 0.000000 0.000000 99.620533 0.000003 -0.000006 0.007575 
228 0.203711 0.000000 0.009766 99.617753 0.000003 -0.000008 0.007630 
229 0.193262 0.000000 0.019531 99.617753 0.000003 -0.000008 0.007630 
230 0.120117 0.000000 -0.019531 94.502811 0.000005 1.729430 0.106623 
231 0.099219 0.000000 -0.019531 93.853522 0.000005 1.997353 0.118753 
232 0.120117 0.000000 -0.039062 94.855554 0.000004 3.415551 0.099076 
233 0.172363 0.000000 0.009766 99.629694 0.000003 -0.000003 0.007392 
234 0.172363 0.000000 0.000000 99.629308 0.000003 -0.000005 0.007400 
235 0.172363 0.000000 0.019531 99.629349 0.000003 -0.000006 0.007399 
236 0.078320 0.000000 -0.019531 99.636685 0.000003 -0.000002 0.007253 
237 0.078320 0.000000 -0.039062 94.034309 0.000004 4.784642 0.113466 
238 0.026074 0.000000 0.009766 99.636996 0.000003 -0.000004 0.007247 
239 0.026074 0.000000 0.000000 99.637127 0.000003 -0.000003 0.007244 
240 0.026074 0.000000 0.019531 99.636588 0.000003 -0.000004 0.007255 
1 10 13 9 14 
2 11 10 14 4 
3 1 17 15 16 
4 17 7 18 15 
5 20 8 21 19 
6 19 21 3 22 
7 13 19 22 9 
8 23 26 13 27 
9 24 23 27 10 
10 7 29 28 18 
11 29 2 30 28 
12 28 30 8 20 
13 15 33 31 32 
14 33 18 34 31 
15 36 20 37 35 
16 35 37 19 38 
17 26 35 38 13 
18 39 42 26 43 
19 40 39 43 23 
20 18 45 44 34 
21 45 28 46 44 
22 44 46 20 36 
23 31 49 47 48 
24 49 34 50 47 
25 52 36 53 51 
26 51 53 35 54 
27 42 51 54 26 
28 55 58 42 59 
29 56 55 59 39 
30 34 61 60 50 
31 61 44 62 60 
32 60 62 36 52 
33 47 65 63 64 
34 65 50 66 63 
35 68 52 69 67 
36 67 69 51 70 
37 58 67 70 42 
38 71 74 58 75 
39 72 71 75 55 
40 6 78 76 77 
41 78 12 24 76 
42 76 24 10 79 
43 77 76 79 11 
44 12 82 80 81 
45 82 25 40 80 
46 80 40 23 83 
47 81 80 83 24 
48 25 86 84 85 
49 86 41 56 84 
50 84 56 39 87 
51 85 84 87 40 
52 41 90 88 89 
53 88 72 55 91 
54 89 88 91 56 
55 50 93 92 66 
56 93 60 94 92 
57 92 94 52 68 
58 63 97 95 96 
59 97 66 98 95 
60 99 102 71 103 
61 100 99 103 72 
62 16 106 104 105 
63 106 15 32 104 
64 104 32 12 78 
65 105 104 78 6 
66 32 109 107 108 
67 109 31 48 107 
68 107 48 25 82 
69 108 107 82 12 
70 48 112 110 111 
71 112 47 64 110 
72 110 64 41 86 
73 111 110 86 25 
74 64 115 113 114 
75 115 63 96 113 
76 114 113 90 41 
77 96 118 116 117 
78 118 95 119 116 
79 5 121 120 74 
80 121 68 122 120 
81 120 122 67 123 
82 74 120 123 58 
83 125 5 126 124 
84 124 126 74 127 
85 102 124 127 71 
86 128 131 102 132 
87 129 128 132 99 
88 66 134 133 98 
89 134 92 135 133 
90 133 135 68 121 
91 98 133 121 5 
92 95 137 136 119 
93 137 98 138 136 
94 136 138 5 125 
95 116 141 139 140 
96 141 119 142 139 
97 144 125 145 143 
98 143 145 124 146 
99 131 143 146 102 
100 147 150 131 151 
101 148 147 151 128 
102 90 154 152 153 
103 152 100 72 155 
104 153 152 155 88 
105 156 129 99 159 
106 157 156 159 100 
107 101 162 160 161 
108 162 130 148 160 
109 160 148 128 163 
110 161 160 163 129 
111 119 165 164 142 
112 165 136 166 164 
113 164 166 125 144 
114 139 169 167 168 
115 169 142 170 167 
116 167 170 73 149 
117 168 167 149 130 
118 130 173 171 172 
119 173 149 174 171 
120 171 174 147 175 
121 172 171 175 148 
122 113 178 176 177 
123 178 96 117 176 
124 177 176 154 90 
125 154 181 179 180 
126 179 157 100 182 
127 180 179 182 152 
128 117 185 183 184 
129 185 116 140 183 
130 186 189 156 190 
131 187 186 190 157 
132 176 193 191 192 
133 193 117 184 191 
134 192 191 181 154 
135 184 196 194 195 
136 196 183 197 194 
137 194 197 158 188 
138 195 194 188 57 
139 158 199 198 189 
140 199 101 161 198 
141 198 161 129 200 
142 189 198 200 156 
143 188 203 201 202 
144 203 158 204 201 
145 201 204 189 205 
146 202 201 205 186 
147 181 208 206 207 
148 206 187 157 209 
149 207 206 209 179 
150 191 212 210 211 
151 212 184 195 210 
152 210 195 57 208 
153 211 210 208 181 
154 208 215 213 214 
155 215 57 216 213 
156 213 216 187 217 
157 214 213 217 206 
158 219 144 220 218 
159 218 220 143 221 
160 150 218 221 131 
161 142 223 222 170 
162 223 164 224 222 
163 222 224 144 219 
164 170 222 219 73 
165 73 227 225 226 
166 227 219 228 225 
167 225 228 218 229 
168 226 225 229 150 
169 140 232 230 231 
170 232 139 168 230 
171 230 168 130 162 
172 231 230 162 101 
173 149 234 233 174 
174 234 73 226 233 
175 233 226 150 235 
176 174 233 235 147 
177 183 237 236 197 
178 237 140 231 236 
179 236 231 101 199 
180 197 236 199 158 
181 57 239 238 216 
182 239 188 202 238 
183 238 202 186 240 
184 216 238 240 187 
