2 0.000000 100.000000 5791.461216
240 184 
1 -5.000000 0.000000 -5.000000 99.754240 0.000000 6.976143 0.000043 
2 5.700000 0.000000 -5.000000 99.754942 0.000000 6.962835 0.000047 
3 5.700000 0.000000 5.000000 99.759593 0.000000 6.958715 -0.000040 
4 -5.000000 0.000000 5.000000 99.758822 -0.000000 6.976048 -0.000049 
5 0.350000 0.000000 0.000000 99.685869 -0.000021 4.777392 0.003990 
6 -5.000000 0.000000 0.000000 99.756603 0.000000 6.978707 -0.000008 
7 0.350000 0.000000 -5.000000 99.749863 0.000000 6.968635 0.000140 
8 5.700000 0.000000 0.000000 99.834297 0.000003 5.855345 -0.000117 
9 0.350000 0.000000 5.000000 99.763900 -0.000000 6.967745 -0.000139 
10 -2.325000 0.000000 2.500000 99.766250 0.000000 6.976782 -0.000198 
11 -5.000000 0.000000 2.500000 99.758791 0.000000 6.977472 -0.000050 
12 -2.325000 0.000000 0.000000 99.757154 0.000000 6.987691 -0.000032 
13 0.350000 0.000000 2.500000 99.785750 0.000000 6.944178 -0.000542 
14 -2.325000 0.000000 5.000000 99.761559 -0.000000 6.974143 -0.000101 
15 -2.325000 0.000000 -2.500000 99.747548 0.000000 6.977139 0.000175 
16 -5.000000 0.000000 -2.500000 99.754366 0.000000 6.977544 0.000038 
17 -2.325000 0.000000 -5.000000 99.751747 0.000000 6.974423 0.000095 
18 0.350000 0.000000 -2.500000 99.730552 0.000001 6.947203 0.000555 
19 3.025000 0.000000 2.500000 99.769029 0.000001 6.905762 -0.000155 
20 3.025000 0.000000 0.000000 99.857230 -0.000022 5.507146 -0.000179 
21 5.700000 0.000000 2.500000 99.763555 0.000001 6.897979 -0.000035 
22 3.025000 0.000000 5.000000 99.761920 -0.000000 6.961128 -0.000090 
23 -0.987500 0.000000 1.250000 99.796802 0.000001 6.980732 -0.000813 
24 -2.325000 0.000000 1.250000 99.766235 0.000000 6.982613 -0.000206 
25 -0.987500 0.000000 0.000000 99.758701 0.000001 7.029343 -0.000121 
26 0.350000 0.000000 1.250000 99.865758 0.000002 6.852665 -0.002013 
27 -0.987500 0.000000 2.500000 99.777183 0.000000 6.968540 -0.000405 
28 3.025000 0.000000 -2.500000 99.750932 0.000001 6.921814 0.000184 
29 3.025000 0.000000 -5.000000 99.752348 0.000001 6.963405 0.000098 
30 5.700000 0.000000 -2.500000 99.757203 0.000002 6.930072 0.000047 
31 -0.987500 0.000000 -1.250000 99.719256 0.000000 6.981803 0.000732 
32 -2.325000 0.000000 -1.250000 99.747895 0.000000 6.982876 0.000160 
33 -0.987500 0.000000 -2.500000 99.737549 0.000001 6.969564 0.000385 
34 0.350000 0.000000 -1.250000 99.658600 0.000001 6.861145 0.002109 
35 1.687500 0.000000 1.250000 99.802045 0.000003 6.731169 -0.000576 
36 1.687500 0.000000 0.000000 99.845529 -0.000033 5.590666 -0.000039 
37 3.025000 0.000000 1.250000 99.781816 0.000001 6.705098 -0.000137 
38 1.687500 0.000000 2.500000 99.777697 0.000000 6.919136 -0.000346 
39 -0.318750 0.000000 0.625000 99.926230 0.000001 6.987091 -0.003407 
40 -0.987500 0.000000 0.625000 99.798072 0.000001 7.005577 -0.000873 
41 -0.318750 0.000000 0.000000 99.762196 0.000001 7.261220 -0.000522 
42 0.350000 0.000000 0.625000 100.103554 0.000001 6.563510 -0.006380 
43 -0.318750 0.000000 1.250000 99.838899 0.000001 6.947234 -0.001607 
44 1.687500 0.000000 -1.250000 99.735204 0.000003 6.777131 0.000696 
45 1.687500 0.000000 -2.500000 99.740575 0.000001 6.927516 0.000383 
46 3.025000 0.000000 -1.250000 99.759144 0.000006 6.803544 0.000183 
47 -0.318750 0.000000 -0.625000 99.595982 0.000001 6.989675 0.003178 
48 -0.987500 0.000000 -0.625000 99.718923 0.000001 7.006324 0.000705 
49 -0.318750 0.000000 -1.250000 99.680000 0.000001 6.950096 0.001559 
50 0.350000 0.000000 -0.625000 99.436362 0.000003 6.577656 0.006914 
51 1.018750 0.000000 0.625000 99.895433 -0.000003 6.319543 -0.001903 
52 1.018750 0.000000 0.000000 99.809362 -0.000035 5.765959 0.000484 
53 1.687500 0.000000 0.625000 99.831653 -0.000003 6.226321 -0.000513 
54 1.018750 0.000000 1.250000 99.834086 0.000003 6.766579 -0.001263 
55 0.015625 0.000000 0.312500 100.514515 0.000001 6.858822 -0.015021 
56 -0.318750 0.000000 0.312500 99.955972 0.000001 7.099342 -0.004160 
57 0.015625 0.000000 0.000000 99.767450 0.000002 -0.000003 0.004646 
58 0.350000 0.000000 0.312500 100.555001 -0.000001 5.850373 -0.014554 
59 0.015625 0.000000 0.625000 100.065732 0.000001 6.846060 -0.006002 
60 1.018750 0.000000 -0.625000 99.677444 0.000006 6.364473 0.002390 
61 1.018750 0.000000 -1.250000 99.697673 0.000002 6.789438 0.001428 
62 1.687500 0.000000 -0.625000 99.761062 0.000007 6.411757 0.000662 
63 0.015625 0.000000 -0.312500 99.018149 0.000002 6.862633 0.014831 
64 -0.318750 0.000000 -0.312500 99.567787 0.000001 7.100920 0.003583 
65 0.015625 0.000000 -0.625000 99.462668 0.000002 6.851768 0.006023 
66 0.350000 0.000000 -0.312500 98.995584 0.000005 5.859210 0.016554 
67 0.684375 0.000000 0.312500 100.072161 -0.000008 5.687193 -0.004678 
68 0.684375 0.000000 0.000000 99.753330 -0.000023 5.779339 0.001587 
69 1.018750 0.000000 0.312500 99.910725 -0.000020 5.714945 -0.001481 
70 0.684375 0.000000 0.625000 99.992700 -0.000001 6.384900 -0.003931 
71 0.182813 0.000000 0.156250 101.568916 0.000001 5.310192 -0.034444 
72 0.015625 0.000000 0.156250 101.134939 0.000002 7.012473 -0.027745 
73 0.182813 0.000000 0.000000 99.757909 0.000002 -0.000006 0.004836 
74 0.350000 0.000000 0.156250 100.750707 -0.000001 4.812527 -0.017387 
75 0.182813 0.000000 0.312500 100.702022 0.000001 6.319228 -0.018083 
76 -3.662500 0.000000 1.250000 99.759864 0.000000 6.979755 -0.000075 
77 -5.000000 0.000000 1.250000 99.757979 0.000000 6.978318 -0.000035 
78 -3.662500 0.000000 0.000000 99.756761 0.000000 6.980913 -0.000014 
79 -3.662500 0.000000 2.500000 99.761013 0.000000 6.977871 -0.000095 
80 -1.656250 0.000000 0.625000 99.770723 0.000000 6.993692 -0.000311 
81 -2.325000 0.000000 0.625000 99.762904 0.000000 6.986059 -0.000144 
82 -1.656250 0.000000 0.000000 99.757559 0.000000 6.998767 -0.000055 
83 -1.656250 0.000000 1.250000 99.775464 0.000000 6.983797 -0.000392 
84 -0.653125 0.000000 0.312500 99.820551 0.000001 7.051918 -0.001387 
85 -0.987500 0.000000 0.312500 99.784164 0.000001 7.021706 -0.000618 
86 -0.653125 0.000000 0.000000 99.759883 0.000001 7.077532 -0.000213 
87 -0.653125 0.000000 0.625000 99.837872 0.000001 7.010241 -0.001674 
88 -0.151562 0.000000 0.156250 100.188557 0.000001 7.352243 -0.009180 
89 -0.318750 0.000000 0.156250 99.907433 0.000001 7.205507 -0.003341 
90 -0.151562 0.000000 0.000000 99.764194 0.000002 7.640994 -0.001128 
91 -0.151562 0.000000 0.312500 100.165692 0.000001 7.089829 -0.008343 
92 0.684375 0.000000 -0.312500 99.519938 0.000008 5.720690 0.006306 
93 0.684375 0.000000 -0.625000 99.561997 0.000006 6.418233 0.004621 
94 1.018750 0.000000 -0.312500 99.721770 0.000005 5.814488 0.002176 
95 0.182813 0.000000 -0.156250 97.969796 0.000003 5.311081 0.037371 
96 0.015625 0.000000 -0.156250 98.398849 0.000002 7.014395 0.026846 
97 0.182813 0.000000 -0.312500 98.836831 0.000003 6.324806 0.019128 
98 0.350000 0.000000 -0.156250 98.795799 0.000005 4.799541 0.021635 
99 0.099219 0.000000 0.078125 102.913709 0.000001 5.047057 -0.061670 
100 0.015625 0.000000 0.078125 102.031981 0.000002 7.319501 -0.046410 
101 0.099219 0.000000 0.000000 99.767426 0.000002 -0.000002 0.004646 
102 0.182813 0.000000 0.078125 102.157330 0.000001 3.712486 -0.044990 
103 0.099219 0.000000 0.156250 101.599013 0.000001 6.193203 -0.036072 
104 -3.662500 0.000000 -1.250000 99.753616 0.000000 6.979850 0.000050 
105 -5.000000 0.000000 -1.250000 99.755214 0.000000 6.978360 0.000020 
106 -3.662500 0.000000 -2.500000 99.752342 0.000000 6.978017 0.000078 
107 -1.656250 0.000000 -0.625000 99.744283 0.000000 6.993978 0.000216 
108 -2.325000 0.000000 -0.625000 99.751357 0.000000 6.986208 0.000086 
109 -1.656250 0.000000 -1.250000 99.739384 0.000000 6.984305 0.000327 
110 -0.653125 0.000000 -0.312500 99.698975 0.000001 7.052672 0.001037 
111 -0.987500 0.000000 -0.312500 99.733129 0.000001 7.022116 0.000399 
112 -0.653125 0.000000 -0.625000 99.681023 0.000001 7.011563 0.001453 
113 -0.151562 0.000000 -0.156250 99.339567 0.000002 7.353524 0.007758 
114 -0.318750 0.000000 -0.156250 99.616794 0.000001 7.206340 0.002456 
115 -0.151562 0.000000 -0.312500 99.361659 0.000002 7.092246 0.007696 
116 0.099219 0.000000 -0.078125 96.621416 0.000003 5.047715 0.063882 
117 0.015625 0.000000 -0.078125 97.501972 0.000002 7.320431 0.043978 
118 0.099219 0.000000 -0.156250 97.936575 0.000003 6.195079 0.037005 
119 0.182813 0.000000 -0.078125 97.377243 0.000003 3.710274 0.050391 
120 0.517188 0.000000 0.156250 100.235185 -0.000004 5.052850 -0.007262 
121 0.517188 0.000000 0.000000 99.714884 -0.000020 5.604938 0.002553 
122 0.684375 0.000000 0.156250 100.007408 -0.000009 5.310057 -0.002968 
123 0.517188 0.000000 0.312500 100.282136 -0.000004 5.681980 -0.008879 
124 0.266406 0.000000 0.078125 101.111203 0.000000 3.683394 -0.023704 
125 0.266406 0.000000 0.000000 99.695146 -0.000043 3.461346 0.004890 
126 0.350000 0.000000 0.078125 100.499673 0.000000 4.218943 -0.011798 
127 0.266406 0.000000 0.156250 101.170925 -0.000000 4.868884 -0.025926 
128 0.141016 0.000000 0.039062 103.203370 0.000001 2.435660 -0.065687 
129 0.099219 0.000000 0.039062 103.954603 0.000001 3.177308 -0.081665 
130 0.141016 0.000000 0.000000 99.765995 0.000002 -0.000003 0.004675 
131 0.182813 0.000000 0.039062 102.313949 0.000001 2.144043 -0.047274 
132 0.141016 0.000000 0.078125 102.642593 0.000001 4.201461 -0.055315 
133 0.517188 0.000000 -0.156250 99.333511 0.000007 5.013656 0.010772 
134 0.517188 0.000000 -0.312500 99.286683 0.000007 5.698382 0.010968 
135 0.684375 0.000000 -0.156250 99.595131 0.000006 5.249249 0.005326 
136 0.266406 0.000000 -0.078125 98.413812 0.000004 3.659683 0.030133 
137 0.266406 0.000000 -0.156250 98.370786 0.000004 4.865408 0.029952 
138 0.350000 0.000000 -0.078125 99.019066 0.000005 4.142509 0.017806 
139 0.141016 0.000000 -0.039062 96.331202 0.000003 2.435365 0.071437 
140 0.099219 0.000000 -0.039062 95.580223 0.000003 3.177567 0.085432 
141 0.141016 0.000000 -0.078125 96.893059 0.000003 4.201444 0.059408 
142 0.182813 0.000000 -0.039062 97.216245 0.000003 2.141169 0.054442 
143 0.224609 0.000000 0.039062 101.309344 0.000002 2.473306 -0.026970 
144 0.224609 0.000000 0.000000 99.751382 0.000002 -0.000007 0.004966 
145 0.266406 0.000000 0.039062 100.664627 0.000002 3.201359 -0.014362 
146 0.224609 0.000000 0.078125 101.593282 0.000001 3.578777 -0.033400 
147 0.161914 0.000000 0.019531 99.764667 0.000002 0.000001 0.004701 
148 0.141016 0.000000 0.019531 103.375823 0.000002 1.241989 -0.068810 
149 0.161914 0.000000 0.000000 99.764184 0.000002 -0.000000 0.004711 
150 0.182813 0.000000 0.019531 99.761706 0.000002 -0.000005 0.004760 
151 0.161914 0.000000 0.039062 102.782824 0.000001 2.243853 -0.056934 
152 -0.067969 0.000000 0.078125 100.502356 0.000002 7.761588 -0.016097 
153 -0.151562 0.000000 0.078125 100.055396 0.000001 7.533322 -0.006783 
154 -0.067969 0.000000 0.000000 99.765505 0.000002 8.247504 -0.002118 
155 -0.067969 0.000000 0.156250 100.564993 0.000002 7.352152 -0.016737 
156 0.057422 0.000000 0.039062 104.392380 0.000001 4.785609 -0.092067 
157 0.015625 0.000000 0.039062 103.391139 0.000002 7.546916 -0.074668 
158 0.057422 0.000000 0.000000 99.767905 0.000002 -0.000003 0.004637 
159 0.057422 0.000000 0.078125 102.758225 0.000001 6.222105 -0.059797 
160 0.120117 0.000000 0.019531 103.876016 0.000001 1.384134 -0.079214 
161 0.099219 0.000000 0.019531 104.395662 0.000000 1.598449 -0.090101 
162 0.120117 0.000000 0.000000 99.766915 0.000002 -0.000004 0.004656 
163 0.120117 0.000000 0.039062 103.593920 0.000001 2.733554 -0.073917 
164 0.224609 0.000000 -0.039062 98.204024 0.000003 2.454277 0.034995 
165 0.224609 0.000000 -0.078125 97.937442 0.000004 3.569970 0.039551 
166 0.266406 0.000000 -0.039062 98.825151 0.000004 3.129453 0.022380 
167 0.161914 0.000000 -0.019531 99.764667 0.000002 0.000001 0.004701 
168 0.141016 0.000000 -0.019531 96.158353 0.000002 1.241787 0.075203 
169 0.161914 0.000000 -0.039062 96.750444 0.000003 2.242782 0.063432 
170 0.182813 0.000000 -0.019531 99.761706 0.000002 -0.000005 0.004760 
171 0.151465 0.000000 0.009766 99.765417 0.000002 -0.000001 0.004686 
172 0.141016 0.000000 0.009766 99.765995 0.000002 -0.000003 0.004675 
173 0.151465 0.000000 0.000000 99.765417 0.000002 -0.000001 0.004686 
174 0.161914 0.000000 0.009766 99.764184 0.000002 -0.000000 0.004711 
175 0.151465 0.000000 0.019531 103.127433 0.000003 1.170446 -0.063664 
176 -0.067969 0.000000 -0.078125 99.028583 0.000002 7.762388 0.013309 
177 -0.151562 0.000000 -0.078125 99.472926 0.000002 7.533970 0.004838 
178 -0.067969 0.000000 -0.156250 98.965719 0.000002 7.353743 0.015171 
179 -0.026172 0.000000 0.039062 101.090958 0.000002 8.496458 -0.029157 
180 -0.067969 0.000000 0.039062 100.270959 0.000002 8.071642 -0.011942 
181 -0.026172 0.000000 0.000000 99.766235 0.000002 9.483210 -0.004323 
182 -0.026172 0.000000 0.078125 101.103428 0.000002 7.788791 -0.028257 
183 0.057422 0.000000 -0.039062 95.141491 0.000002 4.786009 0.092519 
184 0.015625 0.000000 -0.039062 96.142833 0.000002 7.547374 0.069959 
185 0.057422 0.000000 -0.078125 96.775712 0.000002 6.222947 0.059574 
186 0.036523 0.000000 0.019531 99.768064 0.000002 -0.000001 0.004633 
187 0.015625 0.000000 0.019531 99.767122 0.000002 -0.000004 0.004652 
188 0.036523 0.000000 0.000000 99.767675 0.000002 -0.000003 0.004641 
189 0.057422 0.000000 0.019531 99.767809 0.000002 -0.000003 0.004638 
190 0.036523 0.000000 0.039062 104.194250 0.000002 6.091181 -0.089354 
191 -0.026172 0.000000 -0.039062 98.441498 0.000002 8.496893 0.023707 
192 -0.067969 0.000000 -0.039062 99.260033 0.000002 8.072041 0.008229 
193 -0.026172 0.000000 -0.078125 98.428981 0.000002 7.789664 0.025106 
194 0.036523 0.000000 -0.019531 99.768064 0.000002 -0.000001 0.004633 
195 0.015625 0.000000 -0.019531 99.767122 0.000002 -0.000004 0.004652 
196 0.036523 0.000000 -0.039062 95.340472 0.000002 6.091639 0.087309 
197 0.057422 0.000000 -0.019531 99.767809 0.000002 -0.000003 0.004638 
198 0.078320 0.000000 0.019531 99.767426 0.000002 -0.000002 0.004646 
199 0.078320 0.000000 0.000000 99.767583 0.000002 -0.000002 0.004643 
200 0.078320 0.000000 0.039062 104.250647 0.000001 3.828978 -0.088286 
201 0.046973 0.000000 0.009766 99.768090 0.000002 -0.000002 0.004633 
202 0.036523 0.000000 0.009766 99.767675 0.000002 -0.000003 0.004641 
203 0.046973 0.000000 0.000000 99.767990 0.000002 -0.000002 0.004635 
204 0.057422 0.000000 0.009766 99.767905 0.000002 -0.000003 0.004637 
205 0.046973 0.000000 0.019531 99.768194 0.000002 -0.000002 0.004631 
206 -0.005273 0.000000 0.019531 99.766920 0.000002 -0.000002 0.004656 
207 -0.026172 0.000000 0.019531 100.746214 0.000002 9.078006 -0.023221 
208 -0.005273 0.000000 0.000000 99.766940 0.000002 -0.000005 0.004656 
209 -0.005273 0.000000 0.039062 102.107005 0.000002 8.425792 -0.049683 
210 -0.005273 0.000000 -0.019531 99.766920 0.000002 -0.000002 0.004656 
211 -0.026172 0.000000 -0.019531 98.786253 0.000002 9.078223 0.015886 
212 -0.005273 0.000000 -0.039062 97.426206 0.000002 8.426242 0.043713 
213 0.005176 0.000000 0.009766 99.767122 0.000002 -0.000004 0.004652 
214 -0.005273 0.000000 0.009766 99.766940 0.000002 -0.000005 0.004656 
215 0.005176 0.000000 0.000000 99.767075 0.000002 -0.000006 0.004653 
216 0.015625 0.000000 0.009766 99.767363 0.000002 -0.000003 0.004647 
217 0.005176 0.000000 0.019531 99.766940 0.000002 -0.000005 0.004656 
218 0.203711 0.000000 0.019531 99.753533 0.000002 -0.000005 0.004923 
219 0.203711 0.000000 0.000000 99.755319 0.000002 -0.000006 0.004888 
220 0.224609 0.000000 0.019531 99.748725 0.000001 -0.000008 0.005019 
221 0.203711 0.000000 0.039062 101.793886 0.000002 2.224657 -0.036694 
222 0.203711 0.000000 -0.019531 99.753533 0.000002 -0.000005 0.004923 
223 0.203711 0.000000 -0.039062 97.730003 0.000003 2.217151 0.044393 
224 0.224609 0.000000 -0.019531 99.748725 0.000001 -0.000008 0.005019 
225 0.193262 0.000000 0.009766 99.756802 0.000002 -0.000005 0.004858 
226 0.182813 0.000000 0.009766 99.758822 0.000002 -0.000005 0.004818 
227 0.193262 0.000000 0.000000 99.757097 0.000002 -0.000005 0.004852 
228 0.203711 0.000000 0.009766 99.755319 0.000002 -0.000006 0.004888 
229 0.193262 0.000000 0.019531 99.755319 0.000002 -0.000006 0.004888 
230 0.120117 0.000000 -0.019531 95.658741 0.000003 1.384149 0.084749 
231 0.099219 0.000000 -0.019531 95.139068 0.000004 1.598568 0.094600 
232 0.120117 0.000000 -0.039062 95.941028 0.000003 2.733628 0.078785 
233 0.172363 0.000000 0.009766 99.762956 0.000002 -0.000002 0.004735 
234 0.172363 0.000000 0.000000 99.762710 0.000002 -0.000003 0.004740 
235 0.172363 0.000000 0.019531 99.762736 0.000002 -0.000004 0.004740 
236 0.078320 0.000000 -0.019531 99.767426 0.000002 -0.000002 0.004646 
237 0.078320 0.000000 -0.039062 95.283780 0.000003 3.829332 0.090634 
238 0.026074 0.000000 0.009766 99.767624 0.000002 -0.000003 0.004642 
239 0.026074 0.000000 0.000000 99.767708 0.000002 -0.000002 0.004640 
240 0.026074 0.000000 0.019531 99.767363 0.000002 -0.000003 0.004647 
1 10 13 9 14 
2 11 10 14 4 
3 1 17 15 16 
4 17 7 18 15 
5 20 8 21 19 
6 19 21 3 22 
7 13 19 22 9 
8 23 26 13 27 
9 24 23 27 10 
10 7 29 28 18 
11 29 2 30 28 
12 28 30 8 20 
13 15 33 31 32 
14 33 18 34 31 
15 36 20 37 35 
16 35 37 19 38 
17 26 35 38 13 
18 39 42 26 43 
19 40 39 43 23 
20 18 45 44 34 
21 45 28 46 44 
22 44 46 20 36 
23 31 49 47 48 
24 49 34 50 47 
25 52 36 53 51 
26 51 53 35 54 
27 42 51 54 26 
28 55 58 42 59 
29 56 55 59 39 
30 34 61 60 50 
31 61 44 62 60 
32 60 62 36 52 
33 47 65 63 64 
34 65 50 66 63 
35 68 52 69 67 
36 67 69 51 70 
37 58 67 70 42 
38 71 74 58 75 
39 72 71 75 55 
40 6 78 76 77 
41 78 12 24 76 
42 76 24 10 79 
43 77 76 79 11 
44 12 82 80 81 
45 82 25 40 80 
46 80 40 23 83 
47 81 80 83 24 
48 25 86 84 85 
49 86 41 56 84 
50 84 56 39 87 
51 85 84 87 40 
52 41 90 88 89 
53 88 72 55 91 
54 89 88 91 56 
55 50 93 92 66 
56 93 60 94 92 
57 92 94 52 68 
58 63 97 95 96 
59 97 66 98 95 
60 99 102 71 103 
61 100 99 103 72 
62 16 106 104 105 
63 106 15 32 104 
64 104 32 12 78 
65 105 104 78 6 
66 32 109 107 108 
67 109 31 48 107 
68 107 48 25 82 
69 108 107 82 12 
70 48 112 110 111 
71 112 47 64 110 
72 110 64 41 86 
73 111 110 86 25 
74 64 115 113 114 
75 115 63 96 113 
76 114 113 90 41 
77 96 118 116 117 
78 118 95 119 116 
79 5 121 120 74 
80 121 68 122 120 
81 120 122 67 123 
82 74 120 123 58 
83 125 5 126 124 
84 124 126 74 127 
85 102 124 127 71 
86 128 131 102 132 
87 129 128 132 99 
88 66 134 133 98 
89 134 92 135 133 
90 133 135 68 121 
91 98 133 121 5 
92 95 137 136 119 
93 137 98 138 136 
94 136 138 5 125 
95 116 141 139 140 
96 141 119 142 139 
97 144 125 145 143 
98 143 145 124 146 
99 131 143 146 102 
100 147 150 131 151 
101 148 147 151 128 
102 90 154 152 153 
103 152 100 72 155 
104 153 152 155 88 
105 156 129 99 159 
106 157 156 159 100 
107 101 162 160 161 
108 162 130 148 160 
109 160 148 128 163 
110 161 160 163 129 
111 119 165 164 142 
112 165 136 166 164 
113 164 166 125 144 
114 139 169 167 168 
115 169 142 170 167 
116 167 170 73 149 
117 168 167 149 130 
118 130 173 171 172 
119 173 149 174 171 
120 171 174 147 175 
121 172 171 175 148 
122 113 178 176 177 
123 178 96 117 176 
124 177 176 154 90 
125 154 181 179 180 
126 179 157 100 182 
127 180 179 182 152 
128 117 185 183 184 
129 185 116 140 183 
130 186 189 156 190 
131 187 186 190 157 
132 176 193 191 192 
133 193 117 184 191 
134 192 191 181 154 
135 184 196 194 195 
136 196 183 197 194 
137 194 197 158 188 
138 195 194 188 57 
139 158 199 198 189 
140 199 101 161 198 
141 198 161 129 200 
142 189 198 200 156 
143 188 203 201 202 
144 203 158 204 201 
145 201 204 189 205 
146 202 201 205 186 
147 181 208 206 207 
148 206 187 157 209 
149 207 206 209 179 
150 191 212 210 211 
151 212 184 195 210 
152 210 195 57 208 
153 211 210 208 181 
154 208 215 213 214 
155 215 57 216 213 
156 213 216 187 217 
157 214 213 217 206 
158 219 144 220 218 
159 218 220 143 221 
160 150 218 221 131 
161 142 223 222 170 
162 223 164 224 222 
163 222 224 144 219 
164 170 222 219 73 
165 73 227 225 226 
166 227 219 228 225 
167 225 228 218 229 
168 226 225 229 150 
169 140 232 230 231 
170 232 139 168 230 
171 230 168 130 162 
172 231 230 162 101 
173 149 234 233 174 
174 234 73 226 233 
175 233 226 150 235 
176 174 233 235 147 
177 183 237 236 197 
178 237 140 231 236 
179 236 231 101 199 
180 197 236 199 158 
181 57 239 238 216 
182 239 188 202 238 
183 238 202 186 240 
184 216 238 240 187 
