2 0.000000 100.000000 5791.461216
240 184 
1 -5.000000 0.000000 -5.000000 99.861307 0.000000 5.233958 0.000033 
2 5.700000 0.000000 -5.000000 99.861737 0.000000 5.223671 0.000035 
3 5.700000 0.000000 5.000000 99.865131 0.000000 5.221367 -0.000031 
4 -5.000000 0.000000 5.000000 99.864742 -0.000000 5.233905 -0.000036 
5 0.350000 0.000000 0.000000 99.821472 -0.000021 3.620099 0.002257 
6 -5.000000 0.000000 0.000000 99.863065 0.000000 5.235890 -0.000005 
7 0.350000 0.000000 -5.000000 99.857966 0.000000 5.228256 0.000105 
8 5.700000 0.000000 0.000000 99.914661 -0.000003 4.242162 -0.000094 
9 0.350000 0.000000 5.000000 99.868476 -0.000000 5.227755 -0.000104 
10 -2.325000 0.000000 2.500000 99.870242 0.000000 5.234479 -0.000147 
11 -5.000000 0.000000 2.500000 99.864710 0.000000 5.234970 -0.000037 
12 -2.325000 0.000000 0.000000 99.863375 0.000000 5.242627 -0.000018 
13 0.350000 0.000000 2.500000 99.884604 -0.000000 5.210284 -0.000408 
14 -2.325000 0.000000 5.000000 99.866770 -0.000000 5.232493 -0.000075 
15 -2.325000 0.000000 -2.500000 99.856220 0.000000 5.234679 0.000133 
16 -5.000000 0.000000 -2.500000 99.861392 0.000000 5.235011 0.000030 
17 -2.325000 0.000000 -5.000000 99.859416 0.000000 5.232651 0.000072 
18 0.350000 0.000000 -2.500000 99.843264 0.000001 5.211985 0.000416 
19 3.025000 0.000000 2.500000 99.871551 0.000001 5.182981 -0.000119 
20 3.025000 0.000000 0.000000 99.920242 -0.000015 4.120482 -0.000103 
21 5.700000 0.000000 2.500000 99.867135 0.000000 5.179613 -0.000027 
22 3.025000 0.000000 5.000000 99.866926 -0.000000 5.222945 -0.000068 
23 -0.987500 0.000000 1.250000 99.892943 0.000001 5.237504 -0.000603 
24 -2.325000 0.000000 1.250000 99.870201 0.000000 5.238843 -0.000150 
25 -0.987500 0.000000 0.000000 99.864245 0.000000 5.273866 -0.000068 
26 0.350000 0.000000 1.250000 99.943806 0.000001 5.142146 -0.001521 
27 -0.987500 0.000000 2.500000 99.878349 0.000000 5.228360 -0.000302 
28 3.025000 0.000000 -2.500000 99.858346 0.000001 5.191977 0.000135 
29 3.025000 0.000000 -5.000000 99.859798 0.000000 5.224223 0.000073 
30 5.700000 0.000000 -2.500000 99.863123 0.000001 5.197357 0.000034 
31 -0.987500 0.000000 -1.250000 99.834791 0.000000 5.238107 0.000558 
32 -2.325000 0.000000 -1.250000 99.856448 0.000000 5.238991 0.000124 
33 -0.987500 0.000000 -2.500000 99.848639 0.000000 5.228935 0.000291 
34 0.350000 0.000000 -1.250000 99.788591 0.000001 5.146917 0.001575 
35 1.687500 0.000000 1.250000 99.894329 0.000002 5.055183 -0.000443 
36 1.687500 0.000000 0.000000 99.908771 -0.000020 4.276543 -0.000005 
37 3.025000 0.000000 1.250000 99.878076 0.000000 5.042984 -0.000106 
38 1.687500 0.000000 2.500000 99.878314 -0.000000 5.192035 -0.000263 
39 -0.318750 0.000000 0.625000 99.989447 0.000001 5.242401 -0.002537 
40 -0.987500 0.000000 0.625000 99.893811 0.000000 5.256108 -0.000640 
41 -0.318750 0.000000 0.000000 99.866211 0.000001 5.447803 -0.000294 
42 0.350000 0.000000 0.625000 100.120680 0.000001 4.925700 -0.004841 
43 -0.318750 0.000000 1.250000 99.924236 0.000001 5.212541 -0.001202 
44 1.687500 0.000000 -1.250000 99.845251 0.000001 5.080968 0.000511 
45 1.687500 0.000000 -2.500000 99.850655 0.000001 5.196829 0.000284 
46 3.025000 0.000000 -1.250000 99.863363 0.000004 5.097751 0.000132 
47 -0.318750 0.000000 -0.625000 99.741749 0.000001 5.243855 0.002409 
48 -0.987500 0.000000 -0.625000 99.834450 0.000000 5.256529 0.000545 
49 -0.318750 0.000000 -1.250000 99.805095 0.000000 5.214152 0.001176 
50 0.350000 0.000000 -0.625000 99.620470 0.000002 4.933662 0.005142 
51 1.018750 0.000000 0.625000 99.960930 -0.000002 4.748412 -0.001474 
52 1.018750 0.000000 0.000000 99.886344 -0.000024 4.448082 0.000293 
53 1.687500 0.000000 0.625000 99.909610 -0.000001 4.691654 -0.000394 
54 1.018750 0.000000 1.250000 99.919174 0.000002 5.079075 -0.000964 
55 0.015625 0.000000 0.312500 100.429794 0.000001 5.146247 -0.011263 
56 -0.318750 0.000000 0.312500 100.011627 0.000001 5.326510 -0.003070 
57 0.015625 0.000000 0.000000 99.869168 0.000001 -0.000002 0.002615 
58 0.350000 0.000000 0.312500 100.458422 -0.000001 4.390080 -0.011117 
59 0.015625 0.000000 0.625000 100.093486 0.000001 5.136881 -0.004509 
60 1.018750 0.000000 -0.625000 99.797685 0.000004 4.788160 0.001750 
61 1.018750 0.000000 -1.250000 99.817369 0.000001 5.091924 0.001057 
62 1.687500 0.000000 -0.625000 99.860938 0.000004 4.795822 0.000479 
63 0.015625 0.000000 -0.312500 99.307282 0.000001 5.148393 0.011156 
64 -0.318750 0.000000 -0.312500 99.720439 0.000001 5.327399 0.002745 
65 0.015625 0.000000 -0.625000 99.641189 0.000001 5.140094 0.004521 
66 0.350000 0.000000 -0.312500 99.288739 0.000003 4.395060 0.012243 
67 0.684375 0.000000 0.312500 100.092027 -0.000005 4.269530 -0.003664 
68 0.684375 0.000000 0.000000 99.854653 -0.000018 4.462962 0.000913 
69 1.018750 0.000000 0.312500 99.966381 -0.000012 4.295644 -0.001173 
70 0.684375 0.000000 0.625000 100.035898 -0.000001 4.793583 -0.003016 
71 0.182813 0.000000 0.156250 101.220274 0.000000 3.984093 -0.026142 
72 0.015625 0.000000 0.156250 100.895175 0.000001 5.261326 -0.020752 
73 0.182813 0.000000 0.000000 99.863804 0.000001 -0.000004 0.002722 
74 0.350000 0.000000 0.156250 100.605869 -0.000001 3.609183 -0.013457 
75 0.182813 0.000000 0.312500 100.569859 0.000000 4.741576 -0.013678 
76 -3.662500 0.000000 1.250000 99.865485 0.000000 5.236685 -0.000054 
77 -5.000000 0.000000 1.250000 99.864098 0.000000 5.235602 -0.000025 
78 -3.662500 0.000000 0.000000 99.863153 0.000000 5.237544 -0.000008 
79 -3.662500 0.000000 2.500000 99.866358 0.000000 5.235276 -0.000070 
80 -1.656250 0.000000 0.625000 99.873485 0.000000 5.247154 -0.000225 
81 -2.325000 0.000000 0.625000 99.867691 0.000000 5.241417 -0.000103 
82 -1.656250 0.000000 0.000000 99.863603 0.000000 5.250934 -0.000031 
83 -1.656250 0.000000 1.250000 99.877054 0.000000 5.239753 -0.000288 
84 -0.653125 0.000000 0.312500 99.910438 0.000001 5.290867 -0.001009 
85 -0.987500 0.000000 0.312500 99.883354 0.000000 5.268175 -0.000444 
86 -0.653125 0.000000 0.000000 99.864910 0.000001 5.310011 -0.000120 
87 -0.653125 0.000000 0.625000 99.923485 0.000001 5.259657 -0.001237 
88 -0.151562 0.000000 0.156250 100.185713 0.000001 5.516198 -0.006761 
89 -0.318750 0.000000 0.156250 99.975177 0.000001 5.406085 -0.002426 
90 -0.151562 0.000000 0.000000 99.867335 0.000001 5.732706 -0.000635 
91 -0.151562 0.000000 0.312500 100.168616 0.000001 5.319441 -0.006205 
92 0.684375 0.000000 -0.312500 99.678516 0.000005 4.288469 0.004580 
93 0.684375 0.000000 -0.625000 99.713554 0.000004 4.812342 0.003405 
94 1.018750 0.000000 -0.312500 99.826950 0.000004 4.352155 0.001564 
95 0.182813 0.000000 -0.156250 98.520207 0.000002 3.984595 0.027789 
96 0.015625 0.000000 -0.156250 98.842534 0.000001 5.262408 0.020246 
97 0.182813 0.000000 -0.312500 99.170700 0.000002 4.744717 0.014266 
98 0.350000 0.000000 -0.156250 99.139024 0.000004 3.601906 0.015848 
99 0.099219 0.000000 0.078125 102.229548 0.000001 3.786638 -0.046522 
100 0.015625 0.000000 0.078125 101.568175 0.000001 5.491563 -0.034625 
101 0.099219 0.000000 0.000000 99.869155 0.000001 -0.000001 0.002615 
102 0.182813 0.000000 0.078125 101.662121 0.000000 2.785120 -0.034294 
103 0.099219 0.000000 0.156250 101.243157 0.000000 4.646663 -0.027177 
104 -3.662500 0.000000 -1.250000 99.860799 0.000000 5.236738 0.000040 
105 -5.000000 0.000000 -1.250000 99.862025 0.000000 5.235626 0.000016 
106 -3.662500 0.000000 -2.500000 99.859856 0.000000 5.235358 0.000060 
107 -1.656250 0.000000 -0.625000 99.853656 0.000000 5.247315 0.000171 
108 -2.325000 0.000000 -0.625000 99.859032 0.000000 5.241501 0.000070 
109 -1.656250 0.000000 -1.250000 99.849999 0.000000 5.240039 0.000252 
110 -0.653125 0.000000 -0.312500 99.819247 0.000000 5.291291 0.000812 
111 -0.987500 0.000000 -0.312500 99.845075 0.000000 5.268406 0.000320 
112 -0.653125 0.000000 -0.625000 99.805845 0.000000 5.260401 0.001112 
113 -0.151562 0.000000 -0.156250 99.548809 0.000001 5.516919 0.005960 
114 -0.318750 0.000000 -0.156250 99.757153 0.000001 5.406554 0.001928 
115 -0.151562 0.000000 -0.312500 99.565471 0.000001 5.320802 0.005841 
116 0.099219 0.000000 -0.078125 97.508914 0.000002 3.787008 0.047767 
117 0.015625 0.000000 -0.078125 98.169626 0.000001 5.492087 0.033256 
118 0.099219 0.000000 -0.156250 98.495566 0.000002 4.647720 0.027702 
119 0.182813 0.000000 -0.078125 98.076033 0.000002 2.783876 0.037334 
120 0.517188 0.000000 0.156250 100.217411 -0.000003 3.785759 -0.005786 
121 0.517188 0.000000 0.000000 99.834306 -0.000016 4.308167 0.001455 
122 0.684375 0.000000 0.156250 100.043740 -0.000007 3.973888 -0.002454 
123 0.517188 0.000000 0.312500 100.251925 -0.000003 4.264301 -0.006863 
124 0.266406 0.000000 0.078125 100.878427 -0.000000 2.761107 -0.018408 
125 0.266406 0.000000 0.000000 99.828257 -0.000045 2.602104 0.002755 
126 0.350000 0.000000 0.078125 100.420918 -0.000001 3.156729 -0.009433 
127 0.266406 0.000000 0.156250 100.921451 -0.000000 3.652553 -0.019848 
128 0.141016 0.000000 0.039062 102.446897 0.000000 1.827343 -0.049871 
129 0.099219 0.000000 0.039062 103.010504 0.000000 2.383812 -0.061685 
130 0.141016 0.000000 0.000000 99.868350 0.000001 -0.000002 0.002631 
131 0.182813 0.000000 0.039062 101.780027 0.000001 1.608329 -0.036176 
132 0.141016 0.000000 0.078125 102.026081 0.000000 3.152171 -0.041926 
133 0.517188 0.000000 -0.156250 99.540078 0.000005 3.763958 0.007761 
134 0.517188 0.000000 -0.312500 99.505504 0.000005 4.273559 0.008039 
135 0.684375 0.000000 -0.156250 99.733028 0.000005 3.940676 0.003779 
136 0.266406 0.000000 -0.078125 98.854379 0.000003 2.747788 0.022026 
137 0.266406 0.000000 -0.156250 98.820725 0.000003 3.650604 0.022114 
138 0.350000 0.000000 -0.078125 99.308477 0.000003 3.113940 0.012813 
139 0.141016 0.000000 -0.039062 97.291255 0.000002 1.827178 0.053107 
140 0.099219 0.000000 -0.039062 96.727790 0.000002 2.383958 0.063805 
141 0.141016 0.000000 -0.078125 97.712679 0.000002 3.152163 0.044230 
142 0.182813 0.000000 -0.039062 97.955666 0.000002 1.606713 0.040211 
143 0.224609 0.000000 0.039062 101.028093 0.000001 1.853796 -0.021011 
144 0.224609 0.000000 0.000000 99.860134 0.000001 -0.000005 0.002795 
145 0.266406 0.000000 0.039062 100.547281 0.000001 2.394342 -0.011549 
146 0.224609 0.000000 0.078125 101.239378 0.000000 2.684168 -0.025662 
147 0.161914 0.000000 0.019531 99.867604 0.000001 0.000001 0.002646 
148 0.141016 0.000000 0.019531 102.576313 0.000001 0.931793 -0.052277 
149 0.161914 0.000000 0.000000 99.867333 0.000001 0.000000 0.002652 
150 0.182813 0.000000 0.019531 99.865939 0.000001 -0.000003 0.002679 
151 0.161914 0.000000 0.039062 102.131502 0.000001 1.683373 -0.043368 
152 -0.067969 0.000000 0.078125 100.420880 0.000001 5.823244 -0.011826 
153 -0.151562 0.000000 0.078125 100.085802 0.000001 5.651988 -0.004911 
154 -0.067969 0.000000 0.000000 99.868073 0.000001 6.187721 -0.001192 
155 -0.067969 0.000000 0.156250 100.467880 0.000001 5.516148 -0.012422 
156 0.057422 0.000000 0.039062 103.339056 0.000001 3.590452 -0.069185 
157 0.015625 0.000000 0.039062 102.587889 0.000001 5.662126 -0.055633 
158 0.057422 0.000000 0.000000 99.869424 0.000001 -0.000002 0.002610 
159 0.057422 0.000000 0.078125 102.113026 0.000001 4.668233 -0.044886 
160 0.120117 0.000000 0.019531 102.951538 0.000000 1.038456 -0.060010 
161 0.099219 0.000000 0.019531 103.341418 -0.000000 1.199257 -0.068089 
162 0.120117 0.000000 0.000000 99.868867 0.000001 -0.000002 0.002621 
163 0.120117 0.000000 0.039062 102.739880 0.000000 2.050870 -0.055969 
164 0.224609 0.000000 -0.039062 98.698150 0.000002 1.843097 0.025528 
165 0.224609 0.000000 -0.078125 98.496619 0.000002 2.679217 0.029124 
166 0.266406 0.000000 -0.039062 99.165774 0.000002 2.353969 0.016061 
167 0.161914 0.000000 -0.019531 99.867604 0.000001 0.000001 0.002646 
168 0.141016 0.000000 -0.019531 97.161616 0.000001 0.931680 0.055875 
169 0.161914 0.000000 -0.039062 97.605918 0.000002 1.682771 0.047025 
170 0.182813 0.000000 -0.019531 99.865939 0.000001 -0.000003 0.002679 
171 0.151465 0.000000 0.009766 99.868025 0.000001 -0.000000 0.002638 
172 0.141016 0.000000 0.009766 99.868350 0.000001 -0.000002 0.002631 
173 0.151465 0.000000 0.000000 99.868025 0.000001 -0.000000 0.002638 
174 0.161914 0.000000 0.009766 99.867333 0.000001 0.000000 0.002652 
175 0.151465 0.000000 0.019531 102.390021 0.000002 0.878102 -0.048449 
176 -0.067969 0.000000 -0.078125 99.315226 0.000001 5.823694 0.010257 
177 -0.151562 0.000000 -0.078125 99.648832 0.000001 5.652353 0.003816 
178 -0.067969 0.000000 -0.156250 99.268099 0.000001 5.517043 0.011541 
179 -0.026172 0.000000 0.039062 100.862339 0.000001 6.374529 -0.021385 
180 -0.067969 0.000000 0.039062 100.247279 0.000001 6.055820 -0.008619 
181 -0.026172 0.000000 0.000000 99.868484 0.000001 7.114793 -0.002433 
182 -0.026172 0.000000 0.078125 100.871687 0.000001 5.843651 -0.020925 
183 0.057422 0.000000 -0.039062 96.398700 0.000001 3.590678 0.069440 
184 0.015625 0.000000 -0.039062 97.149924 0.000001 5.662384 0.052983 
185 0.057422 0.000000 -0.078125 97.624768 0.000001 4.668707 0.044761 
186 0.036523 0.000000 0.019531 99.869513 0.000001 -0.000001 0.002608 
187 0.015625 0.000000 0.019531 99.868983 0.000001 -0.000003 0.002619 
188 0.036523 0.000000 0.000000 99.869294 0.000001 -0.000002 0.002612 
189 0.057422 0.000000 0.019531 99.869370 0.000001 -0.000002 0.002611 
190 0.036523 0.000000 0.039062 103.190340 0.000001 4.569959 -0.066913 
191 -0.026172 0.000000 -0.039062 98.874621 0.000001 6.374774 0.018317 
192 -0.067969 0.000000 -0.039062 99.488857 0.000001 6.056045 0.006529 
193 -0.026172 0.000000 -0.078125 98.865245 0.000001 5.844143 0.019151 
194 0.036523 0.000000 -0.019531 99.869513 0.000001 -0.000001 0.002608 
195 0.015625 0.000000 -0.019531 99.868983 0.000001 -0.000003 0.002619 
196 0.036523 0.000000 -0.039062 96.547895 0.000001 4.570217 0.065762 
197 0.057422 0.000000 -0.019531 99.869370 0.000001 -0.000002 0.002611 
198 0.078320 0.000000 0.019531 99.869155 0.000001 -0.000001 0.002615 
199 0.078320 0.000000 0.000000 99.869243 0.000001 -0.000002 0.002613 
200 0.078320 0.000000 0.039062 103.232659 0.000000 2.872736 -0.066523 
201 0.046973 0.000000 0.009766 99.869528 0.000001 -0.000001 0.002608 
202 0.036523 0.000000 0.009766 99.869294 0.000001 -0.000002 0.002612 
203 0.046973 0.000000 0.000000 99.869471 0.000001 -0.000002 0.002609 
204 0.057422 0.000000 0.009766 99.869424 0.000001 -0.000002 0.002610 
205 0.046973 0.000000 0.019531 99.869586 0.000001 -0.000002 0.002607 
206 -0.005273 0.000000 0.019531 99.868869 0.000001 -0.000002 0.002621 
207 -0.026172 0.000000 0.019531 100.603702 0.000001 6.810811 -0.016749 
208 -0.005273 0.000000 0.000000 99.868880 0.000001 -0.000003 0.002621 
209 -0.005273 0.000000 0.039062 101.624550 0.000001 6.321506 -0.036751 
210 -0.005273 0.000000 -0.019531 99.868869 0.000001 -0.000002 0.002621 
211 -0.026172 0.000000 -0.019531 99.133264 0.000001 6.810933 0.012621 
212 -0.005273 0.000000 -0.039062 98.112835 0.000001 6.321759 0.033391 
213 0.005176 0.000000 0.009766 99.868983 0.000001 -0.000003 0.002619 
214 -0.005273 0.000000 0.009766 99.868880 0.000001 -0.000003 0.002621 
215 0.005176 0.000000 0.000000 99.868956 0.000001 -0.000004 0.002619 
216 0.015625 0.000000 0.009766 99.869119 0.000001 -0.000002 0.002616 
217 0.005176 0.000000 0.019531 99.868880 0.000001 -0.000003 0.002621 
218 0.203711 0.000000 0.019531 99.861344 0.000001 -0.000004 0.002771 
219 0.203711 0.000000 0.000000 99.862348 0.000001 -0.000004 0.002751 
220 0.224609 0.000000 0.019531 99.858640 0.000001 -0.000006 0.002825 
221 0.203711 0.000000 0.039062 101.390492 0.000001 1.668378 -0.028282 
222 0.203711 0.000000 -0.019531 99.861344 0.000001 -0.000004 0.002771 
223 0.203711 0.000000 -0.039062 98.341659 0.000002 1.664156 0.032615 
224 0.224609 0.000000 -0.019531 99.858640 0.000001 -0.000006 0.002825 
225 0.193262 0.000000 0.009766 99.863182 0.000001 -0.000004 0.002734 
226 0.182813 0.000000 0.009766 99.864318 0.000001 -0.000003 0.002712 
227 0.193262 0.000000 0.000000 99.863348 0.000001 -0.000003 0.002731 
228 0.203711 0.000000 0.009766 99.862348 0.000001 -0.000004 0.002751 
229 0.193262 0.000000 0.019531 99.862348 0.000001 -0.000004 0.002751 
230 0.120117 0.000000 -0.019531 96.786718 0.000002 1.038464 0.063125 
231 0.099219 0.000000 -0.019531 96.396822 0.000002 1.199323 0.070621 
232 0.120117 0.000000 -0.039062 96.998483 0.000002 2.050911 0.058709 
233 0.172363 0.000000 0.009766 99.866642 0.000001 -0.000001 0.002665 
234 0.172363 0.000000 0.000000 99.866504 0.000001 -0.000002 0.002668 
235 0.172363 0.000000 0.019531 99.866518 0.000001 -0.000002 0.002668 
236 0.078320 0.000000 -0.019531 99.869155 0.000001 -0.000001 0.002615 
237 0.078320 0.000000 -0.039062 96.505410 0.000002 2.872936 0.067845 
238 0.026074 0.000000 0.009766 99.869266 0.000001 -0.000002 0.002613 
239 0.026074 0.000000 0.000000 99.869313 0.000001 -0.000001 0.002612 
240 0.026074 0.000000 0.019531 99.869119 0.000001 -0.000002 0.002616 
1 10 13 9 14 
2 11 10 14 4 
3 1 17 15 16 
4 17 7 18 15 
5 20 8 21 19 
6 19 21 3 22 
7 13 19 22 9 
8 23 26 13 27 
9 24 23 27 10 
10 7 29 28 18 
11 29 2 30 28 
12 28 30 8 20 
13 15 33 31 32 
14 33 18 34 31 
15 36 20 37 35 
16 35 37 19 38 
17 26 35 38 13 
18 39 42 26 43 
19 40 39 43 23 
20 18 45 44 34 
21 45 28 46 44 
22 44 46 20 36 
23 31 49 47 48 
24 49 34 50 47 
25 52 36 53 51 
26 51 53 35 54 
27 42 51 54 26 
28 55 58 42 59 
29 56 55 59 39 
30 34 61 60 50 
31 61 44 62 60 
32 60 62 36 52 
33 47 65 63 64 
34 65 50 66 63 
35 68 52 69 67 
36 67 69 51 70 
37 58 67 70 42 
38 71 74 58 75 
39 72 71 75 55 
40 6 78 76 77 
41 78 12 24 76 
42 76 24 10 79 
43 77 76 79 11 
44 12 82 80 81 
45 82 25 40 80 
46 80 40 23 83 
47 81 80 83 24 
48 25 86 84 85 
49 86 41 56 84 
50 84 56 39 87 
51 85 84 87 40 
52 41 90 88 89 
53 88 72 55 91 
54 89 88 91 56 
55 50 93 92 66 
56 93 60 94 92 
57 92 94 52 68 
58 63 97 95 96 
59 97 66 98 95 
60 99 102 71 103 
61 100 99 103 72 
62 16 106 104 105 
63 106 15 32 104 
64 104 32 12 78 
65 105 104 78 6 
66 32 109 107 108 
67 109 31 48 107 
68 107 48 25 82 
69 108 107 82 12 
70 48 112 110 111 
71 112 47 64 110 
72 110 64 41 86 
73 111 110 86 25 
74 64 115 113 114 
75 115 63 96 113 
76 114 113 90 41 
77 96 118 116 117 
78 118 95 119 116 
79 5 121 120 74 
80 121 68 122 120 
81 120 122 67 123 
82 74 120 123 58 
83 125 5 126 124 
84 124 126 74 127 
85 102 124 127 71 
86 128 131 102 132 
87 129 128 132 99 
88 66 134 133 98 
89 134 92 135 133 
90 133 135 68 121 
91 98 133 121 5 
92 95 137 136 119 
93 137 98 138 136 
94 136 138 5 125 
95 116 141 139 140 
96 141 119 142 139 
97 144 125 145 143 
98 143 145 124 146 
99 131 143 146 102 
100 147 150 131 151 
101 148 147 151 128 
102 90 154 152 153 
103 152 100 72 155 
104 153 152 155 88 
105 156 129 99 159 
106 157 156 159 100 
107 101 162 160 161 
108 162 130 148 160 
109 160 148 128 163 
110 161 160 163 129 
111 119 165 164 142 
112 165 136 166 164 
113 164 166 125 144 
114 139 169 167 168 
115 169 142 170 167 
116 167 170 73 149 
117 168 167 149 130 
118 130 173 171 172 
119 173 149 174 171 
120 171 174 147 175 
121 172 171 175 148 
122 113 178 176 177 
123 178 96 117 176 
124 177 176 154 90 
125 154 181 179 180 
126 179 157 100 182 
127 180 179 182 152 
128 117 185 183 184 
129 185 116 140 183 
130 186 189 156 190 
131 187 186 190 157 
132 176 193 191 192 
133 193 117 184 191 
134 192 191 181 154 
135 184 196 194 195 
136 196 183 197 194 
137 194 197 158 188 
138 195 194 188 57 
139 158 199 198 189 
140 199 101 161 198 
141 198 161 129 200 
142 189 198 200 156 
143 188 203 201 202 
144 203 158 204 201 
145 201 204 189 205 
146 202 201 205 186 
147 181 208 206 207 
148 206 187 157 209 
149 207 206 209 179 
150 191 212 210 211 
151 212 184 195 210 
152 210 195 57 208 
153 211 210 208 181 
154 208 215 213 214 
155 215 57 216 213 
156 213 216 187 217 
157 214 213 217 206 
158 219 144 220 218 
159 218 220 143 221 
160 150 218 221 131 
161 142 223 222 170 
162 223 164 224 222 
163 222 224 144 219 
164 170 222 219 73 
165 73 227 225 226 
166 227 219 228 225 
167 225 228 218 229 
168 226 225 229 150 
169 140 232 230 231 
170 232 139 168 230 
171 230 168 130 162 
172 231 230 162 101 
173 149 234 233 174 
174 234 73 226 233 
175 233 226 150 235 
176 174 233 235 147 
177 183 237 236 197 
178 237 140 231 236 
179 236 231 101 199 
180 197 236 199 158 
181 57 239 238 216 
182 239 188 202 238 
183 238 202 186 240 
184 216 238 240 187 
