2 0.000000 100.000000 5791.461216
240 184 
1 -5.000000 0.000000 -5.000000 99.022717 0.000000 13.918401 0.000078 
2 5.700000 0.000000 -5.000000 99.024923 0.000001 13.894649 0.000100 
3 5.700000 0.000000 5.000000 99.036043 0.000002 13.877516 -0.000072 
4 -5.000000 0.000000 5.000000 99.031904 -0.000000 13.918023 -0.000103 
5 0.350000 0.000000 0.000000 98.806222 0.000001 9.073567 0.015500 
6 -5.000000 0.000000 0.000000 99.027600 0.000000 13.923438 -0.000033 
7 0.350000 0.000000 -5.000000 99.014531 0.000001 13.904124 0.000280 
8 5.700000 0.000000 0.000000 99.176001 0.000044 12.842962 -0.000082 
9 0.350000 0.000000 5.000000 99.042932 0.000000 13.900556 -0.000273 
10 -2.325000 0.000000 2.500000 99.047527 0.000001 13.919249 -0.000416 
11 -5.000000 0.000000 2.500000 99.031933 0.000000 13.920894 -0.000112 
12 -2.325000 0.000000 0.000000 99.029801 0.000001 13.941423 -0.000126 
13 0.350000 0.000000 2.500000 99.089582 0.000001 13.851223 -0.001060 
14 -2.325000 0.000000 5.000000 99.037655 0.000000 13.914027 -0.000206 
15 -2.325000 0.000000 -2.500000 99.010043 0.000001 13.920670 0.000323 
16 -5.000000 0.000000 -2.500000 99.023068 0.000000 13.921185 0.000063 
17 -2.325000 0.000000 -5.000000 99.017949 0.000001 13.915146 0.000181 
18 0.350000 0.000000 -2.500000 98.978105 0.000003 13.863337 0.001114 
19 3.025000 0.000000 2.500000 99.063527 0.000007 13.755219 -0.000279 
20 3.025000 0.000000 0.000000 99.339215 -0.000001 11.641186 -0.000380 
21 5.700000 0.000000 2.500000 99.060270 0.000007 13.698827 -0.000060 
22 3.025000 0.000000 5.000000 99.039847 0.000001 13.885481 -0.000170 
23 -0.987500 0.000000 1.250000 99.110928 0.000003 13.926508 -0.001692 
24 -2.325000 0.000000 1.250000 99.047805 0.000001 13.931009 -0.000454 
25 -0.987500 0.000000 0.000000 99.035984 0.000002 14.024733 -0.000482 
26 0.350000 0.000000 1.250000 99.258587 0.000006 13.663024 -0.003895 
27 -0.987500 0.000000 2.500000 99.070437 0.000001 13.902110 -0.000822 
28 3.025000 0.000000 -2.500000 99.020321 0.000005 13.821453 0.000394 
29 3.025000 0.000000 -5.000000 99.019755 0.000002 13.894718 0.000202 
30 5.700000 0.000000 -2.500000 99.031683 0.000005 13.843864 0.000107 
31 -0.987500 0.000000 -1.250000 98.955687 0.000001 13.930775 0.001371 
32 -2.325000 0.000000 -1.250000 99.011085 0.000001 13.932056 0.000270 
33 -0.987500 0.000000 -2.500000 98.990885 0.000002 13.906195 0.000742 
34 0.350000 0.000000 -1.250000 98.841460 0.000006 13.696908 0.004276 
35 1.687500 0.000000 1.250000 99.154247 0.000011 13.369484 -0.001031 
36 1.687500 0.000000 0.000000 99.408053 -0.000090 10.983263 -0.000259 
37 3.025000 0.000000 1.250000 99.136609 0.000008 13.208173 -0.000252 
38 1.687500 0.000000 2.500000 99.076777 0.000003 13.794802 -0.000650 
39 -0.318750 0.000000 0.625000 99.375745 0.000004 13.937991 -0.006981 
40 -0.987500 0.000000 0.625000 99.114323 0.000002 13.976512 -0.001899 
41 -0.318750 0.000000 0.000000 99.049947 0.000005 14.487940 -0.002079 
42 0.350000 0.000000 0.625000 99.749984 0.000005 13.081139 -0.012118 
43 -0.318750 0.000000 1.250000 99.198200 0.000004 13.857864 -0.003232 
44 1.687500 0.000000 -1.250000 99.000802 0.000012 13.556726 0.001506 
45 1.687500 0.000000 -2.500000 98.999196 0.000004 13.827752 0.000795 
46 3.025000 0.000000 -1.250000 99.045354 0.000016 13.633119 0.000416 
47 -0.318750 0.000000 -0.625000 98.715475 0.000004 13.948279 0.006070 
48 -0.987500 0.000000 -0.625000 98.956023 0.000002 13.979486 0.001228 
49 -0.318750 0.000000 -1.250000 98.879810 0.000003 13.869276 0.003043 
50 0.350000 0.000000 -0.625000 98.412240 0.000011 13.137492 0.014244 
51 1.018750 0.000000 0.625000 99.379260 -0.000011 12.529779 -0.003323 
52 1.018750 0.000000 0.000000 99.324368 -0.000105 10.894029 0.001599 
53 1.687500 0.000000 0.625000 99.304060 -0.000030 12.184450 -0.000976 
54 1.018750 0.000000 1.250000 99.206352 0.000008 13.473654 -0.002344 
55 0.015625 0.000000 0.312500 100.560686 0.000006 13.681455 -0.029963 
56 -0.318750 0.000000 0.312500 99.436427 0.000005 14.163208 -0.008820 
57 0.015625 0.000000 0.000000 99.070930 0.000007 0.000019 0.018495 
58 0.350000 0.000000 0.312500 100.660506 0.000001 11.665173 -0.026861 
59 0.015625 0.000000 0.625000 99.661080 0.000005 13.653542 -0.011875 
60 1.018750 0.000000 -0.625000 98.916856 0.000022 12.764663 0.005252 
61 1.018750 0.000000 -1.250000 98.924198 0.000009 13.565538 0.002998 
62 1.687500 0.000000 -0.625000 99.083746 0.000029 12.931514 0.001519 
63 0.015625 0.000000 -0.312500 97.572286 0.000008 13.696615 0.029205 
64 -0.318750 0.000000 -0.312500 98.660952 0.000005 14.169490 0.006524 
65 0.015625 0.000000 -0.625000 98.454926 0.000007 13.676274 0.011959 
66 0.350000 0.000000 -0.312500 97.543922 0.000015 11.700099 0.034829 
67 0.684375 0.000000 0.312500 99.742391 -0.000022 11.324695 -0.007679 
68 0.684375 0.000000 0.000000 99.122759 -0.000052 10.749257 0.005913 
69 1.018750 0.000000 0.312500 99.471402 -0.000077 11.341381 -0.002319 
70 0.684375 0.000000 0.625000 99.547927 -0.000001 12.704079 -0.007118 
71 0.182813 0.000000 0.156250 102.670941 0.000005 10.594583 -0.065357 
72 0.015625 0.000000 0.156250 101.799564 0.000006 13.990324 -0.055888 
73 0.182813 0.000000 0.000000 99.032577 0.000009 -0.000028 0.019255 
74 0.350000 0.000000 0.156250 101.042119 0.000003 9.620214 -0.030206 
75 0.182813 0.000000 0.312500 100.941591 0.000004 12.603102 -0.034804 
76 -3.662500 0.000000 1.250000 99.034403 0.000001 13.925448 -0.000173 
77 -5.000000 0.000000 1.250000 99.030340 0.000000 13.922619 -0.000085 
78 -3.662500 0.000000 0.000000 99.028228 0.000001 13.927855 -0.000058 
79 -3.662500 0.000000 2.500000 99.036583 0.000000 13.921626 -0.000206 
80 -1.656250 0.000000 0.625000 99.057643 0.000001 13.953151 -0.000711 
81 -2.325000 0.000000 0.625000 99.041265 0.000001 13.938013 -0.000344 
82 -1.656250 0.000000 0.000000 99.031421 0.000001 13.963578 -0.000220 
83 -1.656250 0.000000 1.250000 99.067000 0.000001 13.933150 -0.000840 
84 -0.653125 0.000000 0.312500 99.161711 0.000003 14.069148 -0.003099 
85 -0.987500 0.000000 0.312500 99.086787 0.000002 14.009072 -0.001445 
86 -0.653125 0.000000 0.000000 99.040707 0.000003 14.121046 -0.000847 
87 -0.653125 0.000000 0.625000 99.195790 0.000003 13.985330 -0.003539 
88 -0.151562 0.000000 0.156250 99.904924 0.000006 14.668577 -0.019616 
89 -0.318750 0.000000 0.156250 99.339846 0.000005 14.375899 -0.007507 
90 -0.151562 0.000000 0.000000 99.057929 0.000006 15.246166 -0.004492 
91 -0.151562 0.000000 0.312500 99.858792 0.000005 14.143589 -0.017182 
92 0.684375 0.000000 -0.312500 98.626480 0.000021 11.453767 0.014163 
93 0.684375 0.000000 -0.625000 98.674034 0.000018 12.836935 0.009865 
94 1.018750 0.000000 -0.312500 99.054932 0.000016 11.711878 0.005095 
95 0.182813 0.000000 -0.156250 95.486035 0.000011 10.598031 0.077010 
96 0.015625 0.000000 -0.156250 96.337871 0.000008 13.997964 0.052307 
97 0.182813 0.000000 -0.312500 97.216088 0.000011 12.625260 0.038964 
98 0.350000 0.000000 -0.156250 97.144651 0.000014 9.566885 0.047139 
99 0.099219 0.000000 0.078125 105.350722 0.000007 10.070022 -0.120018 
100 0.015625 0.000000 0.078125 103.589517 0.000007 14.604274 -0.094407 
101 0.099219 0.000000 0.000000 99.070815 0.000007 -0.000008 0.018497 
102 0.182813 0.000000 0.078125 103.840885 0.000005 7.409618 -0.083783 
103 0.099219 0.000000 0.156250 102.727758 0.000006 12.355585 -0.070565 
104 -3.662500 0.000000 -1.250000 99.021890 0.000001 13.925824 0.000074 
105 -5.000000 0.000000 -1.250000 99.024804 0.000000 13.922785 0.000024 
106 -3.662500 0.000000 -2.500000 99.019213 0.000001 13.922207 0.000137 
107 -1.656250 0.000000 -0.625000 99.004746 0.000001 13.954292 0.000334 
108 -2.325000 0.000000 -0.625000 99.018153 0.000001 13.938606 0.000112 
109 -1.656250 0.000000 -1.250000 98.994767 0.000002 13.935176 0.000585 
110 -0.653125 0.000000 -0.312500 98.918744 0.000003 14.072152 0.001706 
111 -0.987500 0.000000 -0.312500 98.984745 0.000002 14.010702 0.000572 
112 -0.653125 0.000000 -0.625000 98.882154 0.000003 13.990596 0.002658 
113 -0.151562 0.000000 -0.156250 98.209889 0.000006 14.673673 0.013950 
114 -0.318750 0.000000 -0.156250 98.759396 0.000005 14.379211 0.003982 
115 -0.151562 0.000000 -0.312500 98.252944 0.000006 14.153205 0.014605 
116 0.099219 0.000000 -0.078125 92.791999 0.000008 10.072623 0.128819 
117 0.015625 0.000000 -0.078125 94.548563 0.000007 14.607970 0.084718 
118 0.099219 0.000000 -0.156250 95.416832 0.000009 12.363026 0.074278 
119 0.182813 0.000000 -0.078125 94.299450 0.000010 7.400709 0.105284 
120 0.517188 0.000000 0.156250 100.025820 -0.000001 10.154098 -0.010827 
121 0.517188 0.000000 0.000000 98.968841 -0.000037 10.394862 0.009712 
122 0.684375 0.000000 0.156250 99.590645 -0.000009 10.761900 -0.003412 
123 0.517188 0.000000 0.312500 100.135311 -0.000007 11.324796 -0.015533 
124 0.266406 0.000000 0.078125 101.738484 0.000005 7.376525 -0.040513 
125 0.266406 0.000000 0.000000 98.792699 0.000069 6.816802 0.019353 
126 0.350000 0.000000 0.078125 100.496496 0.000008 8.524313 -0.017221 
127 0.266406 0.000000 0.156250 101.878720 0.000004 9.719160 -0.047374 
128 0.141016 0.000000 0.039062 105.928520 0.000006 4.860181 -0.124447 
129 0.099219 0.000000 0.039062 107.427501 0.000008 6.339614 -0.158086 
130 0.141016 0.000000 0.000000 99.065047 0.000008 -0.000016 0.018612 
131 0.182813 0.000000 0.039062 104.149168 0.000001 4.280617 -0.086537 
132 0.141016 0.000000 0.078125 104.810469 0.000006 8.383274 -0.105551 
133 0.517188 0.000000 -0.156250 98.243817 0.000016 9.984635 0.024846 
134 0.517188 0.000000 -0.312500 98.141498 0.000020 11.388832 0.023854 
135 0.684375 0.000000 -0.156250 98.800435 0.000011 10.463890 0.012898 
136 0.266406 0.000000 -0.078125 96.362261 0.000012 7.280747 0.066131 
137 0.266406 0.000000 -0.156250 96.289894 0.000012 9.704928 0.063407 
138 0.350000 0.000000 -0.078125 97.573020 0.000011 8.208184 0.041213 
139 0.141016 0.000000 -0.039062 92.211927 0.000009 4.858985 0.147335 
140 0.099219 0.000000 -0.039062 90.714023 0.000007 6.340636 0.173076 
141 0.141016 0.000000 -0.078125 93.334308 0.000009 8.383169 0.121843 
142 0.182813 0.000000 -0.039062 93.973625 0.000014 4.269096 0.115073 
143 0.224609 0.000000 0.039062 102.123911 -0.000003 4.954742 -0.045384 
144 0.224609 0.000000 0.000000 99.006403 0.000012 -0.000015 0.019773 
145 0.266406 0.000000 0.039062 100.799986 -0.000003 6.474741 -0.020256 
146 0.224609 0.000000 0.078125 102.710053 0.000004 7.149800 -0.060047 
147 0.161914 0.000000 0.019531 99.059708 0.000008 -0.000019 0.018717 
148 0.141016 0.000000 0.019531 106.272308 0.000002 2.478325 -0.129995 
149 0.161914 0.000000 0.000000 99.057768 0.000008 -0.000022 0.018756 
150 0.182813 0.000000 0.019531 99.047810 0.000008 -0.000034 0.018953 
151 0.161914 0.000000 0.039062 105.088084 0.000004 4.478121 -0.106356 
152 -0.067969 0.000000 0.078125 100.533843 0.000006 15.486243 -0.034688 
153 -0.151562 0.000000 0.078125 99.639196 0.000006 15.030632 -0.015389 
154 -0.067969 0.000000 0.000000 99.063166 0.000007 16.456760 -0.008434 
155 -0.067969 0.000000 0.156250 100.658873 0.000006 14.668287 -0.034737 
156 0.057422 0.000000 0.039062 108.299736 0.000008 9.548741 -0.182001 
157 0.015625 0.000000 0.039062 106.301528 0.000007 15.058735 -0.152678 
158 0.057422 0.000000 0.000000 99.072727 0.000008 0.000006 0.018459 
159 0.057422 0.000000 0.078125 105.038963 0.000007 12.414586 -0.118731 
160 0.120117 0.000000 0.019531 107.270835 0.000005 2.761793 -0.151466 
161 0.099219 0.000000 0.019531 108.307507 0.000008 3.189320 -0.174069 
162 0.120117 0.000000 0.000000 99.068749 0.000008 -0.000015 0.018538 
163 0.120117 0.000000 0.039062 106.708079 0.000007 5.454298 -0.141636 
164 0.224609 0.000000 -0.039062 95.930804 0.000017 4.878406 0.077348 
165 0.224609 0.000000 -0.078125 95.414537 0.000011 7.114381 0.084545 
166 0.266406 0.000000 -0.039062 97.156380 0.000015 6.183483 0.052240 
167 0.161914 0.000000 -0.019531 99.059708 0.000008 -0.000019 0.018717 
168 0.141016 0.000000 -0.019531 91.866554 0.000013 2.477510 0.155440 
169 0.161914 0.000000 -0.039062 93.047096 0.000011 4.473818 0.132222 
170 0.182813 0.000000 -0.019531 99.047810 0.000008 -0.000034 0.018953 
171 0.151465 0.000000 0.009766 99.062722 0.000008 -0.000018 0.018658 
172 0.141016 0.000000 0.009766 99.065047 0.000008 -0.000016 0.018612 
173 0.151465 0.000000 0.000000 99.062722 0.000008 -0.000018 0.018658 
174 0.161914 0.000000 0.009766 99.057768 0.000008 -0.000022 0.018756 
175 0.151465 0.000000 0.019531 105.776025 0.000000 2.335716 -0.119402 
176 -0.067969 0.000000 -0.078125 97.592206 0.000007 15.489421 0.023584 
177 -0.151562 0.000000 -0.078125 98.476401 0.000006 15.033213 0.007640 
178 -0.067969 0.000000 -0.156250 97.466277 0.000007 14.674613 0.028498 
179 -0.026172 0.000000 0.039062 101.709817 0.000007 16.953292 -0.063230 
180 -0.067969 0.000000 0.039062 100.071975 0.000006 16.105410 -0.027378 
181 -0.026172 0.000000 0.000000 99.066080 0.000007 18.922834 -0.017216 
182 -0.026172 0.000000 0.078125 101.734861 0.000007 15.540608 -0.059149 
183 0.057422 0.000000 -0.039062 89.837998 0.000006 9.550328 0.183793 
184 0.015625 0.000000 -0.039062 91.836630 0.000007 15.060557 0.133921 
185 0.057422 0.000000 -0.078125 93.099038 0.000007 12.417929 0.117836 
186 0.036523 0.000000 0.019531 99.073373 0.000008 0.000011 0.018447 
187 0.015625 0.000000 0.019531 99.069620 0.000007 0.000023 0.018521 
188 0.036523 0.000000 0.000000 99.071822 0.000008 0.000015 0.018477 
189 0.057422 0.000000 0.019531 99.072340 0.000008 0.000005 0.018467 
190 0.036523 0.000000 0.039062 107.905043 0.000008 12.153935 -0.179122 
191 -0.026172 0.000000 -0.039062 96.422286 0.000007 16.955023 0.041527 
192 -0.067969 0.000000 -0.039062 98.054288 0.000007 16.107000 0.012592 
193 -0.026172 0.000000 -0.078125 96.397057 0.000007 15.544083 0.046599 
194 0.036523 0.000000 -0.019531 99.073373 0.000008 0.000011 0.018447 
195 0.015625 0.000000 -0.019531 99.069620 0.000007 0.000023 0.018521 
196 0.036523 0.000000 -0.039062 90.236101 0.000006 12.155755 0.170968 
197 0.057422 0.000000 -0.019531 99.072340 0.000008 0.000005 0.018467 
198 0.078320 0.000000 0.019531 99.070815 0.000007 0.000001 0.018497 
199 0.078320 0.000000 0.000000 99.071439 0.000008 0.000003 0.018485 
200 0.078320 0.000000 0.039062 108.017658 0.000008 7.639889 -0.172618 
201 0.046973 0.000000 0.009766 99.073469 0.000008 0.000006 0.018445 
202 0.036523 0.000000 0.009766 99.071822 0.000008 0.000015 0.018477 
203 0.046973 0.000000 0.000000 99.073068 0.000008 0.000006 0.018453 
204 0.057422 0.000000 0.009766 99.072727 0.000008 0.000006 0.018459 
205 0.046973 0.000000 0.019531 99.073888 0.000008 0.000007 0.018436 
206 -0.005273 0.000000 0.019531 99.068812 0.000007 0.000024 0.018537 
207 -0.026172 0.000000 0.019531 101.021763 0.000007 18.114021 -0.053351 
208 -0.005273 0.000000 0.000000 99.068893 0.000007 0.000026 0.018535 
209 -0.005273 0.000000 0.039062 103.738165 0.000007 16.812399 -0.104426 
210 -0.005273 0.000000 -0.019531 99.068812 0.000007 0.000024 0.018537 
211 -0.026172 0.000000 -0.019531 97.110383 0.000007 18.114885 0.024142 
212 -0.005273 0.000000 -0.039062 94.396957 0.000007 16.814185 0.080650 
213 0.005176 0.000000 0.009766 99.069620 0.000007 0.000023 0.018521 
214 -0.005273 0.000000 0.009766 99.068893 0.000007 0.000026 0.018535 
215 0.005176 0.000000 0.000000 99.069432 0.000007 0.000025 0.018525 
216 0.015625 0.000000 0.009766 99.070582 0.000007 0.000020 0.018502 
217 0.005176 0.000000 0.019531 99.068893 0.000007 0.000026 0.018535 
218 0.203711 0.000000 0.019531 99.015025 0.000011 -0.000019 0.019602 
219 0.203711 0.000000 0.000000 99.022187 0.000010 -0.000023 0.019461 
220 0.224609 0.000000 0.019531 98.995752 0.000013 -0.000014 0.019984 
221 0.203711 0.000000 0.039062 103.104108 -0.000001 4.446083 -0.065022 
222 0.203711 0.000000 -0.019531 99.015025 0.000011 -0.000019 0.019602 
223 0.203711 0.000000 -0.039062 94.993245 0.000016 4.416006 0.095678 
224 0.224609 0.000000 -0.019531 98.995752 0.000013 -0.000014 0.019984 
225 0.193262 0.000000 0.009766 99.028139 0.000010 -0.000025 0.019343 
226 0.182813 0.000000 0.009766 99.036236 0.000009 -0.000027 0.019182 
227 0.193262 0.000000 0.000000 99.029319 0.000009 -0.000025 0.019319 
228 0.203711 0.000000 0.009766 99.022187 0.000010 -0.000023 0.019461 
229 0.193262 0.000000 0.019531 99.022187 0.000010 -0.000023 0.019461 
230 0.120117 0.000000 -0.019531 90.870391 0.000010 2.761841 0.173494 
231 0.099219 0.000000 -0.019531 89.833631 0.000006 3.189788 0.191974 
232 0.120117 0.000000 -0.039062 91.433911 0.000008 5.454577 0.161009 
233 0.172363 0.000000 0.009766 99.052833 0.000008 -0.000027 0.018854 
234 0.172363 0.000000 0.000000 99.051845 0.000008 -0.000030 0.018873 
235 0.172363 0.000000 0.019531 99.051948 0.000008 -0.000031 0.018871 
236 0.078320 0.000000 -0.019531 99.070815 0.000007 0.000001 0.018497 
237 0.078320 0.000000 -0.039062 90.122285 0.000006 7.641291 0.181958 
238 0.026074 0.000000 0.009766 99.071622 0.000007 0.000017 0.018481 
239 0.026074 0.000000 0.000000 99.071957 0.000007 0.000016 0.018475 
240 0.026074 0.000000 0.019531 99.070582 0.000007 0.000020 0.018502 
1 10 13 9 14 
2 11 10 14 4 
3 1 17 15 16 
4 17 7 18 15 
5 20 8 21 19 
6 19 21 3 22 
7 13 19 22 9 
8 23 26 13 27 
9 24 23 27 10 
10 7 29 28 18 
11 29 2 30 28 
12 28 30 8 20 
13 15 33 31 32 
14 33 18 34 31 
15 36 20 37 35 
16 35 37 19 38 
17 26 35 38 13 
18 39 42 26 43 
19 40 39 43 23 
20 18 45 44 34 
21 45 28 46 44 
22 44 46 20 36 
23 31 49 47 48 
24 49 34 50 47 
25 52 36 53 51 
26 51 53 35 54 
27 42 51 54 26 
28 55 58 42 59 
29 56 55 59 39 
30 34 61 60 50 
31 61 44 62 60 
32 60 62 36 52 
33 47 65 63 64 
34 65 50 66 63 
35 68 52 69 67 
36 67 69 51 70 
37 58 67 70 42 
38 71 74 58 75 
39 72 71 75 55 
40 6 78 76 77 
41 78 12 24 76 
42 76 24 10 79 
43 77 76 79 11 
44 12 82 80 81 
45 82 25 40 80 
46 80 40 23 83 
47 81 80 83 24 
48 25 86 84 85 
49 86 41 56 84 
50 84 56 39 87 
51 85 84 87 40 
52 41 90 88 89 
53 88 72 55 91 
54 89 88 91 56 
55 50 93 92 66 
56 93 60 94 92 
57 92 94 52 68 
58 63 97 95 96 
59 97 66 98 95 
60 99 102 71 103 
61 100 99 103 72 
62 16 106 104 105 
63 106 15 32 104 
64 104 32 12 78 
65 105 104 78 6 
66 32 109 107 108 
67 109 31 48 107 
68 107 48 25 82 
69 108 107 82 12 
70 48 112 110 111 
71 112 47 64 110 
72 110 64 41 86 
73 111 110 86 25 
74 64 115 113 114 
75 115 63 96 113 
76 114 113 90 41 
77 96 118 116 117 
78 118 95 119 116 
79 5 121 120 74 
80 121 68 122 120 
81 120 122 67 123 
82 74 120 123 58 
83 125 5 126 124 
84 124 126 74 127 
85 102 124 127 71 
86 128 131 102 132 
87 129 128 132 99 
88 66 134 133 98 
89 134 92 135 133 
90 133 135 68 121 
91 98 133 121 5 
92 95 137 136 119 
93 137 98 138 136 
94 136 138 5 125 
95 116 141 139 140 
96 141 119 142 139 
97 144 125 145 143 
98 143 145 124 146 
99 131 143 146 102 
100 147 150 131 151 
101 148 147 151 128 
102 90 154 152 153 
103 152 100 72 155 
104 153 152 155 88 
105 156 129 99 159 
106 157 156 159 100 
107 101 162 160 161 
108 162 130 148 160 
109 160 148 128 163 
110 161 160 163 129 
111 119 165 164 142 
112 165 136 166 164 
113 164 166 125 144 
114 139 169 167 168 
115 169 142 170 167 
116 167 170 73 149 
117 168 167 149 130 
118 130 173 171 172 
119 173 149 174 171 
120 171 174 147 175 
121 172 171 175 148 
122 113 178 176 177 
123 178 96 117 176 
124 177 176 154 90 
125 154 181 179 180 
126 179 157 100 182 
127 180 179 182 152 
128 117 185 183 184 
129 185 116 140 183 
130 186 189 156 190 
131 187 186 190 157 
132 176 193 191 192 
133 193 117 184 191 
134 192 191 181 154 
135 184 196 194 195 
136 196 183 197 194 
137 194 197 158 188 
138 195 194 188 57 
139 158 199 198 189 
140 199 101 161 198 
141 198 161 129 200 
142 189 198 200 156 
143 188 203 201 202 
144 203 158 204 201 
145 201 204 189 205 
146 202 201 205 186 
147 181 208 206 207 
148 206 187 157 209 
149 207 206 209 179 
150 191 212 210 211 
151 212 184 195 210 
152 210 195 57 208 
153 211 210 208 181 
154 208 215 213 214 
155 215 57 216 213 
156 213 216 187 217 
157 214 213 217 206 
158 219 144 220 218 
159 218 220 143 221 
160 150 218 221 131 
161 142 223 222 170 
162 223 164 224 222 
163 222 224 144 219 
164 170 222 219 73 
165 73 227 225 226 
166 227 219 228 225 
167 225 228 218 229 
168 226 225 229 150 
169 140 232 230 231 
170 232 139 168 230 
171 230 168 130 162 
172 231 230 162 101 
173 149 234 233 174 
174 234 73 226 233 
175 233 226 150 235 
176 174 233 235 147 
177 183 237 236 197 
178 237 140 231 236 
179 236 231 101 199 
180 197 236 199 158 
181 57 239 238 216 
182 239 188 202 238 
183 238 202 186 240 
184 216 238 240 187 
