2 0.000000 100.000000 5791.461216
240 184 
1 -5.000000 0.000000 -5.000000 99.937969 0.000000 3.490185 0.000022 
2 5.700000 0.000000 -5.000000 99.938186 0.000000 3.483112 0.000023 
3 5.700000 0.000000 5.000000 99.940404 0.000000 3.482092 -0.000021 
4 -5.000000 0.000000 5.000000 99.940259 -0.000000 3.490162 -0.000024 
5 0.350000 0.000000 0.000000 99.920016 -0.000021 2.432762 0.001007 
6 -5.000000 0.000000 0.000000 99.939132 0.000000 3.491479 -0.000002 
7 0.350000 0.000000 -5.000000 99.935703 0.000000 3.486336 0.000070 
8 5.700000 0.000000 0.000000 99.964912 -0.000004 2.747098 -0.000053 
9 0.350000 0.000000 5.000000 99.942701 -0.000000 3.486113 -0.000070 
10 -2.325000 0.000000 2.500000 99.943879 0.000000 3.490560 -0.000096 
11 -5.000000 0.000000 2.500000 99.940232 -0.000000 3.490870 -0.000024 
12 -2.325000 0.000000 0.000000 99.939270 0.000000 3.495970 -0.000008 
13 0.350000 0.000000 2.500000 99.953284 -0.000000 3.474601 -0.000273 
14 -2.325000 0.000000 5.000000 99.941595 -0.000000 3.489232 -0.000050 
15 -2.325000 0.000000 -2.500000 99.934533 0.000000 3.490649 0.000090 
16 -5.000000 0.000000 -2.500000 99.938020 0.000000 3.490889 0.000021 
17 -2.325000 0.000000 -5.000000 99.936694 0.000000 3.489302 0.000048 
18 0.350000 0.000000 -2.500000 99.925752 0.000000 3.475357 0.000277 
19 3.025000 0.000000 2.500000 99.944279 0.000000 3.457341 -0.000081 
20 3.025000 0.000000 0.000000 99.963197 -0.000008 2.786082 -0.000040 
21 5.700000 0.000000 2.500000 99.941195 -0.000000 3.456494 -0.000019 
22 3.025000 0.000000 5.000000 99.941628 -0.000000 3.483003 -0.000046 
23 -0.987500 0.000000 1.250000 99.958871 0.000000 3.492620 -0.000397 
24 -2.325000 0.000000 1.250000 99.943831 0.000000 3.493464 -0.000097 
25 -0.987500 0.000000 0.000000 99.939657 0.000000 3.516795 -0.000030 
26 0.350000 0.000000 1.250000 99.992226 0.000000 3.429510 -0.001021 
27 -0.987500 0.000000 2.500000 99.949223 0.000000 3.486522 -0.000200 
28 3.025000 0.000000 -2.500000 99.935649 0.000000 3.461334 0.000089 
29 3.025000 0.000000 -5.000000 99.936900 0.000000 3.483570 0.000048 
30 5.700000 0.000000 -2.500000 99.938868 0.000001 3.464285 0.000022 
31 -0.987500 0.000000 -1.250000 99.920107 -0.000000 3.492888 0.000377 
32 -2.325000 0.000000 -1.250000 99.934664 0.000000 3.493529 0.000086 
33 -0.987500 0.000000 -2.500000 99.929423 0.000000 3.486778 0.000195 
34 0.350000 0.000000 -1.250000 99.888822 0.000000 3.431630 0.001045 
35 1.687500 0.000000 1.250000 99.958220 0.000001 3.374170 -0.000303 
36 1.687500 0.000000 0.000000 99.955901 -0.000011 2.953127 0.000010 
37 3.025000 0.000000 1.250000 99.946857 -0.000000 3.370355 -0.000073 
38 1.687500 0.000000 2.500000 99.948937 -0.000000 3.462775 -0.000178 
39 -0.318750 0.000000 0.625000 100.022827 0.000000 3.495972 -0.001679 
40 -0.987500 0.000000 0.625000 99.959393 0.000000 3.505003 -0.000417 
41 -0.318750 0.000000 0.000000 99.940531 0.000000 3.632768 -0.000131 
42 0.350000 0.000000 0.625000 100.109162 0.000000 3.285515 -0.003264 
43 -0.318750 0.000000 1.250000 99.979550 0.000000 3.476086 -0.000799 
44 1.687500 0.000000 -1.250000 99.925999 0.000001 3.385608 0.000333 
45 1.687500 0.000000 -2.500000 99.930585 0.000001 3.464981 0.000187 
46 3.025000 0.000000 -1.250000 99.938117 0.000002 3.394505 0.000085 
47 -0.318750 0.000000 -0.625000 99.857689 0.000000 3.496619 0.001622 
48 -0.987500 0.000000 -0.625000 99.919819 0.000000 3.505190 0.000374 
49 -0.318750 0.000000 -1.250000 99.900137 0.000000 3.476803 0.000787 
50 0.350000 0.000000 -0.625000 99.775777 0.000001 3.289055 0.003398 
51 1.018750 0.000000 0.625000 100.000375 -0.000001 3.171042 -0.001013 
52 1.018750 0.000000 0.000000 99.945230 -0.000015 3.087831 0.000142 
53 1.687500 0.000000 0.625000 99.964165 -0.000001 3.141496 -0.000270 
54 1.018750 0.000000 1.250000 99.975258 0.000001 3.388428 -0.000653 
55 0.015625 0.000000 0.312500 100.315792 0.000000 3.431915 -0.007504 
56 -0.318750 0.000000 0.312500 100.037526 0.000000 3.551990 -0.002012 
57 0.015625 0.000000 0.000000 99.941845 0.000000 -0.000001 0.001163 
58 0.350000 0.000000 0.312500 100.333730 -0.000001 2.927975 -0.007543 
59 0.015625 0.000000 0.625000 100.091796 0.000000 3.425802 -0.003010 
60 1.018750 0.000000 -0.625000 99.892309 0.000002 3.188710 0.001136 
61 1.018750 0.000000 -1.250000 99.907627 0.000000 3.394136 0.000695 
62 1.687500 0.000000 -0.625000 99.933744 0.000002 3.187747 0.000309 
63 0.015625 0.000000 -0.312500 99.567338 0.000001 3.432869 0.007456 
64 -0.318750 0.000000 -0.312500 99.843377 0.000000 3.552385 0.001868 
65 0.015625 0.000000 -0.625000 99.790266 0.000000 3.427231 0.003016 
66 0.350000 0.000000 -0.312500 99.553884 0.000002 2.930191 0.008044 
67 0.684375 0.000000 0.312500 100.086687 -0.000003 2.848941 -0.002546 
68 0.684375 0.000000 0.000000 99.931777 -0.000013 3.080990 0.000415 
69 1.018750 0.000000 0.312500 100.000006 -0.000007 2.870152 -0.000824 
70 0.684375 0.000000 0.625000 100.051598 -0.000001 3.198656 -0.002055 
71 0.182813 0.000000 0.156250 100.842518 -0.000000 2.656768 -0.017627 
72 0.015625 0.000000 0.156250 100.626056 0.000000 3.508524 -0.013791 
73 0.182813 0.000000 0.000000 99.939463 0.000001 -0.000002 0.001210 
74 0.350000 0.000000 0.156250 100.432413 -0.000001 2.405795 -0.009246 
75 0.182813 0.000000 0.312500 100.408789 -0.000000 3.162178 -0.009192 
76 -3.662500 0.000000 1.250000 99.940728 0.000000 3.492015 -0.000034 
77 -5.000000 0.000000 1.250000 99.939821 0.000000 3.491290 -0.000016 
78 -3.662500 0.000000 0.000000 99.939172 0.000000 3.492581 -0.000004 
79 -3.662500 0.000000 2.500000 99.941318 -0.000000 3.491079 -0.000045 
80 -1.656250 0.000000 0.625000 99.945967 0.000000 3.499005 -0.000144 
81 -2.325000 0.000000 0.625000 99.942150 0.000000 3.495173 -0.000065 
82 -1.656250 0.000000 0.000000 99.939371 0.000000 3.501508 -0.000014 
83 -1.656250 0.000000 1.250000 99.948355 0.000000 3.494085 -0.000188 
84 -0.653125 0.000000 0.312500 99.970322 0.000000 3.528177 -0.000651 
85 -0.987500 0.000000 0.312500 99.952403 0.000000 3.513027 -0.000282 
86 -0.653125 0.000000 0.000000 99.939952 0.000000 3.540894 -0.000053 
87 -0.653125 0.000000 0.625000 99.979058 0.000000 3.507403 -0.000811 
88 -0.151562 0.000000 0.156250 100.153337 0.000000 3.678448 -0.004422 
89 -0.318750 0.000000 0.156250 100.013196 0.000000 3.605003 -0.001564 
90 -0.151562 0.000000 0.000000 99.941030 0.000000 3.822738 -0.000282 
91 -0.151562 0.000000 0.312500 100.141978 0.000000 3.547323 -0.004100 
92 0.684375 0.000000 -0.312500 99.811328 0.000003 2.857390 0.002953 
93 0.684375 0.000000 -0.625000 99.837027 0.000002 3.206997 0.002228 
94 1.018750 0.000000 -0.312500 99.908156 0.000003 2.895430 0.000998 
95 0.182813 0.000000 -0.156250 99.042127 0.000001 2.656992 0.018360 
96 0.015625 0.000000 -0.156250 99.257356 0.000001 3.509005 0.013566 
97 0.182813 0.000000 -0.312500 99.475889 0.000001 3.163575 0.009454 
98 0.350000 0.000000 -0.156250 99.454202 0.000002 2.402569 0.010309 
99 0.099219 0.000000 0.078125 101.515754 0.000000 2.525077 -0.031182 
100 0.015625 0.000000 0.078125 101.074824 0.000000 3.661981 -0.022953 
101 0.099219 0.000000 0.000000 99.941839 0.000000 -0.000001 0.001163 
102 0.182813 0.000000 0.078125 101.137412 -0.000000 1.857067 -0.023222 
103 0.099219 0.000000 0.156250 100.857976 0.000000 3.098648 -0.018193 
104 -3.662500 0.000000 -1.250000 99.937605 0.000000 3.492038 0.000028 
105 -5.000000 0.000000 -1.250000 99.938440 0.000000 3.491300 0.000012 
106 -3.662500 0.000000 -2.500000 99.936984 0.000000 3.491115 0.000041 
107 -1.656250 0.000000 -0.625000 99.932748 0.000000 3.499077 0.000120 
108 -2.325000 0.000000 -0.625000 99.936378 0.000000 3.495210 0.000050 
109 -1.656250 0.000000 -1.250000 99.930320 0.000000 3.494212 0.000172 
110 -0.653125 0.000000 -0.312500 99.909523 0.000000 3.528365 0.000564 
111 -0.987500 0.000000 -0.312500 99.926883 0.000000 3.513130 0.000228 
112 -0.653125 0.000000 -0.625000 99.900629 0.000000 3.507734 0.000756 
113 -0.151562 0.000000 -0.156250 99.728658 0.000000 3.678769 0.004066 
114 -0.318750 0.000000 -0.156250 99.867825 0.000000 3.605211 0.001342 
115 -0.151562 0.000000 -0.312500 99.739823 0.000000 3.547928 0.003938 
116 0.099219 0.000000 -0.078125 98.367992 0.000001 2.525242 0.031736 
117 0.015625 0.000000 -0.078125 98.808629 0.000001 3.662214 0.022344 
118 0.099219 0.000000 -0.156250 99.025886 0.000001 3.099118 0.018427 
119 0.182813 0.000000 -0.078125 98.746200 0.000001 1.856515 0.024574 
120 0.517188 0.000000 0.156250 100.172154 -0.000002 2.521347 -0.004082 
121 0.517188 0.000000 0.000000 99.923964 -0.000013 2.942504 0.000654 
122 0.684375 0.000000 0.156250 100.054358 -0.000004 2.644286 -0.001787 
123 0.517188 0.000000 0.312500 100.194857 -0.000002 2.844508 -0.004710 
124 0.266406 0.000000 0.078125 100.615542 -0.000000 1.839633 -0.012687 
125 0.266406 0.000000 0.000000 99.923585 -0.000047 1.737672 0.001226 
126 0.350000 0.000000 0.078125 100.311165 -0.000001 2.099605 -0.006674 
127 0.266406 0.000000 0.156250 100.643090 -0.000001 2.435398 -0.013496 
128 0.141016 0.000000 0.039062 101.660713 0.000000 1.218508 -0.033639 
129 0.099219 0.000000 0.039062 102.036533 -0.000000 1.589609 -0.041398 
130 0.141016 0.000000 0.000000 99.941482 0.000001 -0.000001 0.001170 
131 0.182813 0.000000 0.039062 101.216304 0.000000 1.072310 -0.024589 
132 0.141016 0.000000 0.078125 101.380038 0.000000 2.101960 -0.028233 
133 0.517188 0.000000 -0.156250 99.720094 0.000003 2.511735 0.004959 
134 0.517188 0.000000 -0.312500 99.697324 0.000003 2.848633 0.005233 
135 0.684375 0.000000 -0.156250 99.846534 0.000003 2.629834 0.002375 
136 0.266406 0.000000 -0.078125 99.265700 0.000002 1.833720 0.014296 
137 0.266406 0.000000 -0.156250 99.242310 0.000002 2.434534 0.014504 
138 0.350000 0.000000 -0.078125 99.568600 0.000002 2.080652 0.008176 
139 0.141016 0.000000 -0.039062 98.222896 0.000001 1.218435 0.035078 
140 0.099219 0.000000 -0.039062 97.847139 0.000001 1.589674 0.042341 
141 0.141016 0.000000 -0.078125 98.503841 0.000001 2.101956 0.029258 
142 0.182813 0.000000 -0.039062 98.666213 0.000001 1.071592 0.026383 
143 0.224609 0.000000 0.039062 100.716035 0.000000 1.234961 -0.014524 
144 0.224609 0.000000 0.000000 99.937832 0.000000 -0.000003 0.001243 
145 0.266406 0.000000 0.039062 100.397196 0.000000 1.591779 -0.008213 
146 0.224609 0.000000 0.078125 100.855789 -0.000000 1.789329 -0.017509 
147 0.161914 0.000000 0.019531 99.941151 0.000001 0.000001 0.001177 
148 0.141016 0.000000 0.019531 101.747034 0.000001 0.621336 -0.035284 
149 0.161914 0.000000 0.000000 99.941030 0.000001 0.000000 0.001179 
150 0.182813 0.000000 0.019531 99.940411 0.000001 -0.000002 0.001191 
151 0.161914 0.000000 0.039062 101.450479 0.000000 1.122460 -0.029346 
152 -0.067969 0.000000 0.078125 100.309977 0.000000 3.883155 -0.007717 
153 -0.151562 0.000000 0.078125 100.086707 0.000000 3.768954 -0.003155 
154 -0.067969 0.000000 0.000000 99.941358 0.000000 4.126144 -0.000530 
155 -0.067969 0.000000 0.156250 100.341326 0.000000 3.678429 -0.008191 
156 0.057422 0.000000 0.039062 102.255690 0.000000 2.394236 -0.046196 
157 0.015625 0.000000 0.039062 101.754797 0.000000 3.775682 -0.036829 
158 0.057422 0.000000 0.000000 99.941959 0.000001 -0.000001 0.001160 
159 0.057422 0.000000 0.078125 101.438137 0.000000 3.112958 -0.029939 
160 0.120117 0.000000 0.019531 101.997212 -0.000000 0.692473 -0.040391 
161 0.099219 0.000000 0.019531 102.257201 -0.000000 0.799706 -0.045717 
162 0.120117 0.000000 0.000000 99.941712 0.000000 -0.000001 0.001165 
163 0.120117 0.000000 0.039062 101.856062 -0.000000 1.367583 -0.037653 
164 0.224609 0.000000 -0.039062 99.162287 0.000001 1.230208 0.016533 
165 0.224609 0.000000 -0.078125 99.026865 0.000001 1.787130 0.019049 
166 0.266406 0.000000 -0.039062 99.475291 0.000001 1.573859 0.010219 
167 0.161914 0.000000 -0.019531 99.941151 0.000001 0.000001 0.001177 
168 0.141016 0.000000 -0.019531 98.136476 0.000000 0.621285 0.036885 
169 0.161914 0.000000 -0.039062 98.432805 0.000001 1.122192 0.030972 
170 0.182813 0.000000 -0.019531 99.940411 0.000001 -0.000002 0.001191 
171 0.151465 0.000000 0.009766 99.941338 0.000001 -0.000000 0.001173 
172 0.141016 0.000000 0.009766 99.941482 0.000001 -0.000001 0.001170 
173 0.151465 0.000000 0.000000 99.941338 0.000001 -0.000000 0.001173 
174 0.161914 0.000000 0.009766 99.941030 0.000001 0.000000 0.001179 
175 0.151465 0.000000 0.019531 101.622851 0.000001 0.585522 -0.032755 
176 -0.067969 0.000000 -0.078125 99.572721 0.000000 3.883355 0.007019 
177 -0.151562 0.000000 -0.078125 99.795338 0.000000 3.769117 0.002668 
178 -0.067969 0.000000 -0.156250 99.541316 0.000001 3.678827 0.007799 
179 -0.026172 0.000000 0.039062 100.604260 0.000000 4.250734 -0.013929 
180 -0.067969 0.000000 0.039062 100.194218 0.000000 4.038215 -0.005519 
181 -0.026172 0.000000 0.000000 99.941541 0.000000 4.744331 -0.001082 
182 -0.026172 0.000000 0.078125 100.610492 0.000000 3.896763 -0.013766 
183 0.057422 0.000000 -0.039062 97.627743 0.000001 2.394336 0.046309 
184 0.015625 0.000000 -0.039062 98.128661 0.000001 3.775797 0.035651 
185 0.057422 0.000000 -0.078125 98.445312 0.000001 3.113169 0.029883 
186 0.036523 0.000000 0.019531 99.941998 0.000001 -0.000000 0.001160 
187 0.015625 0.000000 0.019531 99.941763 0.000000 -0.000002 0.001164 
188 0.036523 0.000000 0.000000 99.941901 0.000000 -0.000001 0.001162 
189 0.057422 0.000000 0.019531 99.941935 0.000001 -0.000001 0.001161 
190 0.036523 0.000000 0.039062 102.156474 0.000000 3.047397 -0.044523 
191 -0.026172 0.000000 -0.039062 99.278818 0.000000 4.250843 0.012565 
192 -0.067969 0.000000 -0.039062 99.688495 0.000000 4.038315 0.004590 
193 -0.026172 0.000000 -0.078125 99.272575 0.000001 3.896982 0.012977 
194 0.036523 0.000000 -0.019531 99.941998 0.000001 -0.000000 0.001160 
195 0.015625 0.000000 -0.019531 99.941763 0.000000 -0.000002 0.001164 
196 0.036523 0.000000 -0.039062 97.727171 0.000001 3.047512 0.044011 
197 0.057422 0.000000 -0.019531 99.941935 0.000001 -0.000001 0.001161 
198 0.078320 0.000000 0.019531 99.941839 0.000000 -0.000001 0.001163 
199 0.078320 0.000000 0.000000 99.941878 0.000001 -0.000001 0.001162 
200 0.078320 0.000000 0.039062 102.184701 0.000000 1.915642 -0.044538 
201 0.046973 0.000000 0.009766 99.942005 0.000001 -0.000001 0.001160 
202 0.036523 0.000000 0.009766 99.941901 0.000000 -0.000001 0.001162 
203 0.046973 0.000000 0.000000 99.941980 0.000001 -0.000001 0.001160 
204 0.057422 0.000000 0.009766 99.941959 0.000001 -0.000001 0.001160 
205 0.046973 0.000000 0.019531 99.942031 0.000001 -0.000001 0.001159 
206 -0.005273 0.000000 0.019531 99.941712 0.000000 -0.000001 0.001165 
207 -0.026172 0.000000 0.019531 100.431798 0.000000 4.541643 -0.010717 
208 -0.005273 0.000000 0.000000 99.941717 0.000000 -0.000002 0.001165 
209 -0.005273 0.000000 0.039062 101.112471 0.000000 4.215375 -0.024150 
210 -0.005273 0.000000 -0.019531 99.941712 0.000000 -0.000001 0.001165 
211 -0.026172 0.000000 -0.019531 99.451283 0.000000 4.541697 0.008882 
212 -0.005273 0.000000 -0.039062 98.770797 0.000001 4.215488 0.022656 
213 0.005176 0.000000 0.009766 99.941763 0.000000 -0.000002 0.001164 
214 -0.005273 0.000000 0.009766 99.941717 0.000000 -0.000002 0.001165 
215 0.005176 0.000000 0.000000 99.941751 0.000000 -0.000002 0.001165 
216 0.015625 0.000000 0.009766 99.941823 0.000000 -0.000001 0.001163 
217 0.005176 0.000000 0.019531 99.941717 0.000000 -0.000002 0.001165 
218 0.203711 0.000000 0.019531 99.938369 0.000000 -0.000003 0.001232 
219 0.203711 0.000000 0.000000 99.938815 0.000000 -0.000003 0.001223 
220 0.224609 0.000000 0.019531 99.937168 0.000000 -0.000004 0.001256 
221 0.203711 0.000000 0.039062 100.956969 0.000000 1.112063 -0.019355 
222 0.203711 0.000000 -0.019531 99.938369 0.000000 -0.000003 0.001232 
223 0.203711 0.000000 -0.039062 98.923975 0.000001 1.110187 0.021281 
224 0.224609 0.000000 -0.019531 99.937168 0.000000 -0.000004 0.001256 
225 0.193262 0.000000 0.009766 99.939186 0.000000 -0.000002 0.001216 
226 0.182813 0.000000 0.009766 99.939691 0.000001 -0.000002 0.001206 
227 0.193262 0.000000 0.000000 99.939260 0.000001 -0.000002 0.001214 
228 0.203711 0.000000 0.009766 99.938815 0.000000 -0.000003 0.001223 
229 0.193262 0.000000 0.019531 99.938815 0.000000 -0.000003 0.001223 
230 0.120117 0.000000 -0.019531 97.886444 0.000001 0.692477 0.041776 
231 0.099219 0.000000 -0.019531 97.626447 0.000001 0.799736 0.046844 
232 0.120117 0.000000 -0.039062 98.027641 0.000001 1.367602 0.038871 
233 0.172363 0.000000 0.009766 99.940723 0.000001 -0.000000 0.001185 
234 0.172363 0.000000 0.000000 99.940662 0.000001 -0.000001 0.001186 
235 0.172363 0.000000 0.019531 99.940668 0.000001 -0.000001 0.001186 
236 0.078320 0.000000 -0.019531 99.941839 0.000000 -0.000001 0.001163 
237 0.078320 0.000000 -0.039062 97.698870 0.000001 1.915730 0.045126 
238 0.026074 0.000000 0.009766 99.941888 0.000000 -0.000001 0.001162 
239 0.026074 0.000000 0.000000 99.941909 0.000000 -0.000001 0.001161 
240 0.026074 0.000000 0.019531 99.941823 0.000000 -0.000001 0.001163 
1 10 13 9 14 
2 11 10 14 4 
3 1 17 15 16 
4 17 7 18 15 
5 20 8 21 19 
6 19 21 3 22 
7 13 19 22 9 
8 23 26 13 27 
9 24 23 27 10 
10 7 29 28 18 
11 29 2 30 28 
12 28 30 8 20 
13 15 33 31 32 
14 33 18 34 31 
15 36 20 37 35 
16 35 37 19 38 
17 26 35 38 13 
18 39 42 26 43 
19 40 39 43 23 
20 18 45 44 34 
21 45 28 46 44 
22 44 46 20 36 
23 31 49 47 48 
24 49 34 50 47 
25 52 36 53 51 
26 51 53 35 54 
27 42 51 54 26 
28 55 58 42 59 
29 56 55 59 39 
30 34 61 60 50 
31 61 44 62 60 
32 60 62 36 52 
33 47 65 63 64 
34 65 50 66 63 
35 68 52 69 67 
36 67 69 51 70 
37 58 67 70 42 
38 71 74 58 75 
39 72 71 75 55 
40 6 78 76 77 
41 78 12 24 76 
42 76 24 10 79 
43 77 76 79 11 
44 12 82 80 81 
45 82 25 40 80 
46 80 40 23 83 
47 81 80 83 24 
48 25 86 84 85 
49 86 41 56 84 
50 84 56 39 87 
51 85 84 87 40 
52 41 90 88 89 
53 88 72 55 91 
54 89 88 91 56 
55 50 93 92 66 
56 93 60 94 92 
57 92 94 52 68 
58 63 97 95 96 
59 97 66 98 95 
60 99 102 71 103 
61 100 99 103 72 
62 16 106 104 105 
63 106 15 32 104 
64 104 32 12 78 
65 105 104 78 6 
66 32 109 107 108 
67 109 31 48 107 
68 107 48 25 82 
69 108 107 82 12 
70 48 112 110 111 
71 112 47 64 110 
72 110 64 41 86 
73 111 110 86 25 
74 64 115 113 114 
75 115 63 96 113 
76 114 113 90 41 
77 96 118 116 117 
78 118 95 119 116 
79 5 121 120 74 
80 121 68 122 120 
81 120 122 67 123 
82 74 120 123 58 
83 125 5 126 124 
84 124 126 74 127 
85 102 124 127 71 
86 128 131 102 132 
87 129 128 132 99 
88 66 134 133 98 
89 134 92 135 133 
90 133 135 68 121 
91 98 133 121 5 
92 95 137 136 119 
93 137 98 138 136 
94 136 138 5 125 
95 116 141 139 140 
96 141 119 142 139 
97 144 125 145 143 
98 143 145 124 146 
99 131 143 146 102 
100 147 150 131 151 
101 148 147 151 128 
102 90 154 152 153 
103 152 100 72 155 
104 153 152 155 88 
105 156 129 99 159 
106 157 156 159 100 
107 101 162 160 161 
108 162 130 148 160 
109 160 148 128 163 
110 161 160 163 129 
111 119 165 164 142 
112 165 136 166 164 
113 164 166 125 144 
114 139 169 167 168 
115 169 142 170 167 
116 167 170 73 149 
117 168 167 149 130 
118 130 173 171 172 
119 173 149 174 171 
120 171 174 147 175 
121 172 171 175 148 
122 113 178 176 177 
123 178 96 117 176 
124 177 176 154 90 
125 154 181 179 180 
126 179 157 100 182 
127 180 179 182 152 
128 117 185 183 184 
129 185 116 140 183 
130 186 189 156 190 
131 187 186 190 157 
132 176 193 191 192 
133 193 117 184 191 
134 192 191 181 154 
135 184 196 194 195 
136 196 183 197 194 
137 194 197 158 188 
138 195 194 188 57 
139 158 199 198 189 
140 199 101 161 198 
141 198 161 129 200 
142 189 198 200 156 
143 188 203 201 202 
144 203 158 204 201 
145 201 204 189 205 
146 202 201 205 186 
147 181 208 206 207 
148 206 187 157 209 
149 207 206 209 179 
150 191 212 210 211 
151 212 184 195 210 
152 210 195 57 208 
153 211 210 208 181 
154 208 215 213 214 
155 215 57 216 213 
156 213 216 187 217 
157 214 213 217 206 
158 219 144 220 218 
159 218 220 143 221 
160 150 218 221 131 
161 142 223 222 170 
162 223 164 224 222 
163 222 224 144 219 
164 170 222 219 73 
165 73 227 225 226 
166 227 219 228 225 
167 225 228 218 229 
168 226 225 229 150 
169 140 232 230 231 
170 232 139 168 230 
171 230 168 130 162 
172 231 230 162 101 
173 149 234 233 174 
174 234 73 226 233 
175 233 226 150 235 
176 174 233 235 147 
177 183 237 236 197 
178 237 140 231 236 
179 236 231 101 199 
180 197 236 199 158 
181 57 239 238 216 
182 239 188 202 238 
183 238 202 186 240 
184 216 238 240 187 
