2 0.000000 100.000000 5791.461216
240 184 
1 -5.000000 0.000000 -5.000000 99.449032 0.000000 10.453627 0.000061 
2 5.700000 0.000000 -5.000000 99.450417 0.000001 10.434794 0.000073 
3 5.700000 0.000000 5.000000 99.457947 0.000001 10.425373 -0.000057 
4 -5.000000 0.000000 5.000000 99.455913 -0.000000 10.453414 -0.000075 
5 0.350000 0.000000 0.000000 99.310476 -0.000024 6.990331 0.008856 
6 -5.000000 0.000000 0.000000 99.452636 0.000000 10.457439 -0.000018 
7 0.350000 0.000000 -5.000000 99.442688 0.000001 10.442645 0.000210 
8 5.700000 0.000000 0.000000 99.572936 0.000024 9.294426 -0.000116 
9 0.350000 0.000000 5.000000 99.463845 0.000000 10.440641 -0.000206 
10 -2.325000 0.000000 2.500000 99.467341 0.000000 10.454423 -0.000305 
11 -5.000000 0.000000 2.500000 99.455901 0.000000 10.455558 -0.000079 
12 -2.325000 0.000000 0.000000 99.453874 0.000001 10.470920 -0.000071 
13 0.350000 0.000000 2.500000 99.497697 0.000001 10.404470 -0.000804 
14 -2.325000 0.000000 5.000000 99.460120 0.000000 10.450486 -0.000153 
15 -2.325000 0.000000 -2.500000 99.439263 0.000000 10.455223 0.000252 
16 -5.000000 0.000000 -2.500000 99.449259 0.000000 10.455722 0.000052 
17 -2.325000 0.000000 -5.000000 99.445376 0.000000 10.451116 0.000139 
18 0.350000 0.000000 -2.500000 99.414563 0.000002 10.411280 0.000835 
19 3.025000 0.000000 2.500000 99.475067 0.000004 10.340157 -0.000221 
20 3.025000 0.000000 0.000000 99.656943 -0.000022 8.464800 -0.000316 
21 5.700000 0.000000 2.500000 99.468921 0.000003 10.315774 -0.000048 
22 3.025000 0.000000 5.000000 99.461173 0.000000 10.430059 -0.000131 
23 -0.987500 0.000000 1.250000 99.514028 0.000002 10.460102 -0.001246 
24 -2.325000 0.000000 1.250000 99.467435 0.000001 10.463206 -0.000325 
25 -0.987500 0.000000 0.000000 99.457355 0.000001 10.533400 -0.000272 
26 0.350000 0.000000 1.250000 99.621016 0.000004 10.265240 -0.002972 
27 -0.987500 0.000000 2.500000 99.484124 0.000001 10.441813 -0.000612 
28 3.025000 0.000000 -2.500000 99.445777 0.000003 10.376728 0.000286 
29 3.025000 0.000000 -5.000000 99.446522 0.000001 10.435213 0.000150 
30 5.700000 0.000000 -2.500000 99.454784 0.000004 10.391685 0.000076 
31 -0.987500 0.000000 -1.250000 99.397662 0.000001 10.462508 0.001064 
32 -2.325000 0.000000 -1.250000 99.439912 0.000001 10.463796 0.000221 
33 -0.987500 0.000000 -2.500000 99.424584 0.000001 10.444114 0.000567 
34 0.350000 0.000000 -1.250000 99.309403 0.000003 10.284313 0.003188 
35 1.687500 0.000000 1.250000 99.533288 0.000007 10.065024 -0.000818 
36 1.687500 0.000000 0.000000 99.666511 -0.000064 8.247901 -0.000144 
37 3.025000 0.000000 1.250000 99.509490 0.000004 9.990216 -0.000194 
38 1.687500 0.000000 2.500000 99.486754 0.000001 10.364634 -0.000504 
39 -0.318750 0.000000 0.625000 99.710417 0.000003 10.469159 -0.005177 
40 -0.987500 0.000000 0.625000 99.516258 0.000001 10.497489 -0.001368 
41 -0.318750 0.000000 0.000000 99.465214 0.000003 10.881045 -0.001173 
42 0.350000 0.000000 0.625000 99.983625 0.000003 9.830028 -0.009335 
43 -0.318750 0.000000 1.250000 99.578311 0.000002 10.409227 -0.002419 
44 1.687500 0.000000 -1.250000 99.426932 0.000006 10.169231 0.001087 
45 1.687500 0.000000 -2.500000 99.430034 0.000003 10.383226 0.000586 
46 3.025000 0.000000 -1.250000 99.461791 0.000011 10.218844 0.000293 
47 -0.318750 0.000000 -0.625000 99.215116 0.000002 10.474962 0.004664 
48 -0.987500 0.000000 -0.625000 99.397535 0.000001 10.499166 0.000990 
49 -0.318750 0.000000 -1.250000 99.339778 0.000002 10.415659 0.002312 
50 0.350000 0.000000 -0.625000 98.981787 0.000006 9.861803 0.010535 
51 1.018750 0.000000 0.625000 99.687507 -0.000005 9.440690 -0.002673 
52 1.018750 0.000000 0.000000 99.602427 -0.000064 8.344424 0.000973 
53 1.687500 0.000000 0.625000 99.609043 -0.000010 9.243952 -0.000741 
54 1.018750 0.000000 1.250000 99.577399 0.000005 10.129860 -0.001827 
55 0.015625 0.000000 0.312500 100.596117 0.000003 10.276678 -0.022519 
56 -0.318750 0.000000 0.312500 99.755503 0.000003 10.637823 -0.006432 
57 0.015625 0.000000 0.000000 99.477028 0.000004 -0.000005 0.010432 
58 0.350000 0.000000 0.312500 100.663868 -0.000000 8.763866 -0.021002 
59 0.015625 0.000000 0.625000 99.922035 0.000003 10.256669 -0.008961 
60 1.018750 0.000000 -0.625000 99.352520 0.000012 9.562573 0.003763 
61 1.018750 0.000000 -1.250000 99.369881 0.000005 10.181398 0.002197 
62 1.687500 0.000000 -0.625000 99.478578 0.000016 9.662616 0.001065 
63 0.015625 0.000000 -0.312500 98.352921 0.000005 10.285233 0.022092 
64 -0.318750 0.000000 -0.312500 99.173505 0.000003 10.641366 0.005138 
65 0.015625 0.000000 -0.625000 99.017430 0.000004 10.269488 0.009009 
66 0.350000 0.000000 -0.312500 98.325434 0.000010 8.783650 0.025496 
67 0.684375 0.000000 0.312500 99.957177 -0.000014 8.512896 -0.006391 
68 0.684375 0.000000 0.000000 99.482147 -0.000037 8.304620 0.003434 
69 1.018750 0.000000 0.312500 99.734209 -0.000043 8.536668 -0.001979 
70 0.684375 0.000000 0.625000 99.824384 -0.000001 9.554700 -0.005620 
71 0.182813 0.000000 0.156250 102.178560 0.000002 7.957161 -0.050377 
72 0.015625 0.000000 0.156250 101.526210 0.000004 10.507765 -0.041798 
73 0.182813 0.000000 0.000000 99.455517 0.000005 -0.000010 0.010860 
74 0.350000 0.000000 0.156250 100.954178 0.000000 7.218017 -0.024385 
75 0.182813 0.000000 0.312500 100.879608 0.000002 9.467434 -0.026633 
76 -3.662500 0.000000 1.250000 99.457632 0.000000 10.458978 -0.000121 
77 -5.000000 0.000000 1.250000 99.454694 0.000000 10.456840 -0.000058 
78 -3.662500 0.000000 0.000000 99.452989 0.000000 10.460749 -0.000032 
79 -3.662500 0.000000 2.500000 99.459311 0.000000 10.456132 -0.000149 
80 -1.656250 0.000000 0.625000 99.474491 0.000001 10.479817 -0.000500 
81 -2.325000 0.000000 0.625000 99.462485 0.000001 10.468417 -0.000237 
82 -1.656250 0.000000 0.000000 99.454786 0.000001 10.487535 -0.000124 
83 -1.656250 0.000000 1.250000 99.481554 0.000001 10.464895 -0.000609 
84 -0.653125 0.000000 0.312500 99.550899 0.000002 10.566985 -0.002204 
85 -0.987500 0.000000 0.312500 99.495503 0.000001 10.521798 -0.001006 
86 -0.653125 0.000000 0.000000 99.460013 0.000002 10.605663 -0.000477 
87 -0.653125 0.000000 0.625000 99.576661 0.000002 10.504288 -0.002585 
88 -0.151562 0.000000 0.156250 100.105694 0.000003 11.017057 -0.014253 
89 -0.318750 0.000000 0.156250 99.682879 0.000003 10.797230 -0.005326 
90 -0.151562 0.000000 0.000000 99.469707 0.000003 11.450293 -0.002533 
91 -0.151562 0.000000 0.312500 100.071222 0.000003 10.623315 -0.012710 
92 0.684375 0.000000 -0.312500 99.125174 0.000013 8.587134 0.010046 
93 0.684375 0.000000 -0.625000 99.174429 0.000011 9.629590 0.007170 
94 1.018750 0.000000 -0.312500 99.438190 0.000009 8.754459 0.003541 
95 0.182813 0.000000 -0.156250 96.784042 0.000007 7.959136 0.056950 
96 0.015625 0.000000 -0.156250 97.425350 0.000005 10.512077 0.039780 
97 0.182813 0.000000 -0.312500 98.083343 0.000007 9.479949 0.028979 
98 0.350000 0.000000 -0.156250 98.025640 0.000009 7.188477 0.033930 
99 0.099219 0.000000 0.078125 104.192455 0.000003 7.563012 -0.091327 
100 0.015625 0.000000 0.078125 102.870491 0.000004 10.968336 -0.070264 
101 0.099219 0.000000 0.000000 99.476970 0.000004 -0.000003 0.010433 
102 0.182813 0.000000 0.078125 103.058774 0.000003 5.564065 -0.065207 
103 0.099219 0.000000 0.156250 102.222450 0.000003 9.280049 -0.053555 
104 -3.662500 0.000000 -1.250000 99.448254 0.000000 10.459190 0.000065 
105 -5.000000 0.000000 -1.250000 99.450546 0.000000 10.456933 0.000024 
106 -3.662500 0.000000 -2.500000 99.446296 0.000000 10.456459 0.000110 
107 -1.656250 0.000000 -0.625000 99.434826 0.000001 10.480461 0.000288 
108 -2.325000 0.000000 -0.625000 99.445159 0.000001 10.468752 0.000107 
109 -1.656250 0.000000 -1.250000 99.427411 0.000001 10.466037 0.000465 
110 -0.653125 0.000000 -0.312500 99.368588 0.000002 10.568678 0.001419 
111 -0.987500 0.000000 -0.312500 99.418959 0.000001 10.522717 0.000514 
112 -0.653125 0.000000 -0.625000 99.341407 0.000002 10.507258 0.002088 
113 -0.151562 0.000000 -0.156250 98.833129 0.000004 11.019933 0.011057 
114 -0.318750 0.000000 -0.156250 99.247180 0.000003 10.799099 0.003338 
115 -0.151562 0.000000 -0.312500 98.865865 0.000003 10.628740 0.011257 
116 0.099219 0.000000 -0.078125 94.762097 0.000005 7.564485 0.096292 
117 0.015625 0.000000 -0.078125 96.081435 0.000005 10.970423 0.064801 
118 0.099219 0.000000 -0.156250 96.733149 0.000005 9.284256 0.055650 
119 0.182813 0.000000 -0.078125 95.894494 0.000006 5.559073 0.077334 
120 0.517188 0.000000 0.156250 100.187259 -0.000004 7.596088 -0.009519 
121 0.517188 0.000000 0.000000 99.393885 -0.000030 8.057413 0.005593 
122 0.684375 0.000000 0.156250 99.855202 -0.000012 8.009185 -0.003521 
123 0.517188 0.000000 0.312500 100.262161 -0.000005 8.509625 -0.012491 
124 0.266406 0.000000 0.078125 101.485883 0.000002 5.529569 -0.032996 
125 0.266406 0.000000 0.000000 99.317000 -0.000035 5.158072 0.010953 
126 0.350000 0.000000 0.078125 100.562637 0.000003 6.359615 -0.015329 
127 0.266406 0.000000 0.156250 101.582954 0.000001 7.297710 -0.037235 
128 0.141016 0.000000 0.039062 104.626439 0.000003 3.650026 -0.096001 
129 0.099219 0.000000 0.039062 105.752212 0.000003 4.761255 -0.120620 
130 0.141016 0.000000 0.000000 99.473739 0.000004 -0.000006 0.010498 
131 0.182813 0.000000 0.039062 103.291883 0.000004 3.213909 -0.067954 
132 0.141016 0.000000 0.078125 103.786436 0.000003 6.296049 -0.081126 
133 0.517188 0.000000 -0.156250 98.841153 0.000011 7.505012 0.017410 
134 0.517188 0.000000 -0.312500 98.768046 0.000012 8.546164 0.017184 
135 0.684375 0.000000 -0.156250 99.246361 0.000008 7.860342 0.008837 
136 0.266406 0.000000 -0.078125 97.445565 0.000008 5.476003 0.047438 
137 0.266406 0.000000 -0.156250 97.386313 0.000008 7.289812 0.046276 
138 0.350000 0.000000 -0.078125 98.353288 0.000008 6.185253 0.028837 
139 0.141016 0.000000 -0.039062 94.326855 0.000006 3.649359 0.108913 
140 0.099219 0.000000 -0.039062 93.201668 0.000006 4.761835 0.129077 
141 0.141016 0.000000 -0.078125 95.169291 0.000006 6.296002 0.090317 
142 0.182813 0.000000 -0.039062 95.651529 0.000006 3.207437 0.084050 
143 0.224609 0.000000 0.039062 101.778944 0.000004 3.713679 -0.037274 
144 0.224609 0.000000 0.000000 99.440816 0.000004 -0.000010 0.011152 
145 0.266406 0.000000 0.039062 100.799817 0.000006 4.828875 -0.018392 
146 0.224609 0.000000 0.078125 102.211624 0.000002 5.366283 -0.047601 
147 0.161914 0.000000 0.019531 99.470745 0.000005 0.000000 0.010557 
148 0.141016 0.000000 0.019531 104.884743 0.000005 1.861230 -0.100427 
149 0.161914 0.000000 0.000000 99.469657 0.000005 -0.000002 0.010579 
150 0.182813 0.000000 0.019531 99.464070 0.000005 -0.000010 0.010690 
151 0.161914 0.000000 0.039062 103.995747 0.000003 3.362850 -0.082642 
152 -0.067969 0.000000 0.078125 100.576982 0.000004 11.630786 -0.025100 
153 -0.151562 0.000000 0.078125 99.906150 0.000003 11.288684 -0.010867 
154 -0.067969 0.000000 0.000000 99.472655 0.000004 12.359299 -0.004756 
155 -0.067969 0.000000 0.156250 100.670847 0.000003 11.016868 -0.025599 
156 0.057422 0.000000 0.039062 106.407779 0.000003 7.171361 -0.137404 
157 0.015625 0.000000 0.039062 104.907260 0.000004 11.309373 -0.113344 
158 0.057422 0.000000 0.000000 99.478046 0.000005 -0.000004 0.010412 
159 0.057422 0.000000 0.078125 103.958907 0.000003 9.323843 -0.089439 
160 0.120117 0.000000 0.019531 105.634487 0.000003 2.074177 -0.116295 
161 0.099219 0.000000 0.019531 106.413133 0.000002 2.395297 -0.132949 
162 0.120117 0.000000 0.000000 99.475814 0.000004 -0.000007 0.010456 
163 0.120117 0.000000 0.039062 105.211805 0.000003 4.096321 -0.108630 
164 0.224609 0.000000 -0.039062 97.126427 0.000006 3.670813 0.055298 
165 0.224609 0.000000 -0.078125 96.732904 0.000007 5.346422 0.061416 
166 0.266406 0.000000 -0.039062 98.051550 0.000007 4.666235 0.036412 
167 0.161914 0.000000 -0.019531 99.470745 0.000005 0.000000 0.010557 
168 0.141016 0.000000 -0.019531 94.067658 0.000004 1.860774 0.114781 
169 0.161914 0.000000 -0.039062 94.954601 0.000006 3.360436 0.097233 
170 0.182813 0.000000 -0.019531 99.464070 0.000005 -0.000010 0.010690 
171 0.151465 0.000000 0.009766 99.472435 0.000005 -0.000003 0.010523 
172 0.141016 0.000000 0.009766 99.473739 0.000004 -0.000006 0.010498 
173 0.151465 0.000000 0.000000 99.472435 0.000005 -0.000003 0.010523 
174 0.161914 0.000000 0.009766 99.469657 0.000005 -0.000002 0.010579 
175 0.151465 0.000000 0.019531 104.512273 0.000005 1.754076 -0.092589 
176 -0.067969 0.000000 -0.078125 98.368168 0.000004 11.632580 0.018839 
177 -0.151562 0.000000 -0.078125 99.033116 0.000004 11.290140 0.006497 
178 -0.067969 0.000000 -0.156250 98.273795 0.000004 11.020438 0.022081 
179 -0.026172 0.000000 0.039062 101.459596 0.000004 12.732273 -0.045616 
180 -0.067969 0.000000 0.039062 100.230179 0.000004 12.095598 -0.019239 
181 -0.026172 0.000000 0.000000 99.474296 0.000004 14.211191 -0.009709 
182 -0.026172 0.000000 0.078125 101.478331 0.000004 11.671572 -0.043408 
183 0.057422 0.000000 -0.039062 92.543959 0.000005 7.172258 0.138417 
184 0.015625 0.000000 -0.039062 94.044711 0.000004 11.310402 0.102767 
185 0.057422 0.000000 -0.078125 94.992981 0.000005 9.325732 0.088936 
186 0.036523 0.000000 0.019531 99.478406 0.000004 -0.000002 0.010405 
187 0.015625 0.000000 0.019531 99.476290 0.000004 -0.000007 0.010447 
188 0.036523 0.000000 0.000000 99.477532 0.000004 -0.000005 0.010422 
189 0.057422 0.000000 0.019531 99.477829 0.000005 -0.000004 0.010416 
190 0.036523 0.000000 0.039062 106.111127 0.000004 9.127855 -0.134289 
191 -0.026172 0.000000 -0.039062 97.488964 0.000004 12.733250 0.033377 
192 -0.067969 0.000000 -0.039062 98.715092 0.000004 12.096495 0.010901 
193 -0.026172 0.000000 -0.078125 97.470125 0.000004 11.673534 0.036330 
194 0.036523 0.000000 -0.019531 99.478406 0.000004 -0.000002 0.010405 
195 0.015625 0.000000 -0.019531 99.476290 0.000004 -0.000007 0.010447 
196 0.036523 0.000000 -0.039062 92.842527 0.000005 9.128883 0.129693 
197 0.057422 0.000000 -0.019531 99.477829 0.000005 -0.000004 0.010416 
198 0.078320 0.000000 0.019531 99.476970 0.000004 -0.000003 0.010433 
199 0.078320 0.000000 0.000000 99.477322 0.000004 -0.000003 0.010426 
200 0.078320 0.000000 0.039062 106.195648 0.000003 5.737796 -0.131044 
201 0.046973 0.000000 0.009766 99.478463 0.000005 -0.000003 0.010404 
202 0.036523 0.000000 0.009766 99.477532 0.000004 -0.000005 0.010422 
203 0.046973 0.000000 0.000000 99.478237 0.000005 -0.000003 0.010408 
204 0.057422 0.000000 0.009766 99.478046 0.000005 -0.000004 0.010412 
205 0.046973 0.000000 0.019531 99.478698 0.000005 -0.000003 0.010399 
206 -0.005273 0.000000 0.019531 99.475835 0.000004 -0.000005 0.010456 
207 -0.026172 0.000000 0.019531 100.942929 0.000004 13.603869 -0.037454 
208 -0.005273 0.000000 0.000000 99.475881 0.000004 -0.000008 0.010455 
209 -0.005273 0.000000 0.039062 102.982544 0.000004 12.626410 -0.076483 
210 -0.005273 0.000000 -0.019531 99.475835 0.000004 -0.000005 0.010456 
211 -0.026172 0.000000 -0.019531 98.005656 0.000004 13.604357 0.020981 
212 -0.005273 0.000000 -0.039062 95.967717 0.000004 12.627419 0.063075 
213 0.005176 0.000000 0.009766 99.476290 0.000004 -0.000007 0.010447 
214 -0.005273 0.000000 0.009766 99.475881 0.000004 -0.000008 0.010455 
215 0.005176 0.000000 0.000000 99.476184 0.000004 -0.000010 0.010449 
216 0.015625 0.000000 0.009766 99.476832 0.000004 -0.000006 0.010436 
217 0.005176 0.000000 0.019531 99.475881 0.000004 -0.000008 0.010455 
218 0.203711 0.000000 0.019531 99.445660 0.000004 -0.000008 0.011056 
219 0.203711 0.000000 0.000000 99.449682 0.000004 -0.000009 0.010976 
220 0.224609 0.000000 0.019531 99.434832 0.000003 -0.000011 0.011271 
221 0.203711 0.000000 0.039062 102.509861 0.000004 3.336443 -0.051940 
222 0.203711 0.000000 -0.019531 99.445660 0.000004 -0.000008 0.011056 
223 0.203711 0.000000 -0.039062 96.419311 0.000006 3.319541 0.069230 
224 0.224609 0.000000 -0.019531 99.434832 0.000003 -0.000011 0.011271 
225 0.193262 0.000000 0.009766 99.453024 0.000004 -0.000009 0.010910 
226 0.182813 0.000000 0.009766 99.457572 0.000005 -0.000009 0.010819 
227 0.193262 0.000000 0.000000 99.453688 0.000004 -0.000008 0.010896 
228 0.203711 0.000000 0.009766 99.449682 0.000004 -0.000009 0.010976 
229 0.193262 0.000000 0.019531 99.449682 0.000004 -0.000009 0.010976 
230 0.120117 0.000000 -0.019531 93.319233 0.000006 2.074207 0.128722 
231 0.099219 0.000000 -0.019531 92.540530 0.000007 2.395563 0.143051 
232 0.120117 0.000000 -0.039062 93.742346 0.000006 4.096484 0.119559 
233 0.172363 0.000000 0.009766 99.466889 0.000005 -0.000004 0.010634 
234 0.172363 0.000000 0.000000 99.466334 0.000005 -0.000007 0.010645 
235 0.172363 0.000000 0.019531 99.466392 0.000005 -0.000008 0.010644 
236 0.078320 0.000000 -0.019531 99.476970 0.000004 -0.000003 0.010433 
237 0.078320 0.000000 -0.039062 92.757337 0.000005 5.738589 0.136315 
238 0.026074 0.000000 0.009766 99.477419 0.000004 -0.000005 0.010424 
239 0.026074 0.000000 0.000000 99.477608 0.000004 -0.000004 0.010421 
240 0.026074 0.000000 0.019531 99.476832 0.000004 -0.000006 0.010436 
1 10 13 9 14 
2 11 10 14 4 
3 1 17 15 16 
4 17 7 18 15 
5 20 8 21 19 
6 19 21 3 22 
7 13 19 22 9 
8 23 26 13 27 
9 24 23 27 10 
10 7 29 28 18 
11 29 2 30 28 
12 28 30 8 20 
13 15 33 31 32 
14 33 18 34 31 
15 36 20 37 35 
16 35 37 19 38 
17 26 35 38 13 
18 39 42 26 43 
19 40 39 43 23 
20 18 45 44 34 
21 45 28 46 44 
22 44 46 20 36 
23 31 49 47 48 
24 49 34 50 47 
25 52 36 53 51 
26 51 53 35 54 
27 42 51 54 26 
28 55 58 42 59 
29 56 55 59 39 
30 34 61 60 50 
31 61 44 62 60 
32 60 62 36 52 
33 47 65 63 64 
34 65 50 66 63 
35 68 52 69 67 
36 67 69 51 70 
37 58 67 70 42 
38 71 74 58 75 
39 72 71 75 55 
40 6 78 76 77 
41 78 12 24 76 
42 76 24 10 79 
43 77 76 79 11 
44 12 82 80 81 
45 82 25 40 80 
46 80 40 23 83 
47 81 80 83 24 
48 25 86 84 85 
49 86 41 56 84 
50 84 56 39 87 
51 85 84 87 40 
52 41 90 88 89 
53 88 72 55 91 
54 89 88 91 56 
55 50 93 92 66 
56 93 60 94 92 
57 92 94 52 68 
58 63 97 95 96 
59 97 66 98 95 
60 99 102 71 103 
61 100 99 103 72 
62 16 106 104 105 
63 106 15 32 104 
64 104 32 12 78 
65 105 104 78 6 
66 32 109 107 108 
67 109 31 48 107 
68 107 48 25 82 
69 108 107 82 12 
70 48 112 110 111 
71 112 47 64 110 
72 110 64 41 86 
73 111 110 86 25 
74 64 115 113 114 
75 115 63 96 113 
76 114 113 90 41 
77 96 118 116 117 
78 118 95 119 116 
79 5 121 120 74 
80 121 68 122 120 
81 120 122 67 123 
82 74 120 123 58 
83 125 5 126 124 
84 124 126 74 127 
85 102 124 127 71 
86 128 131 102 132 
87 129 128 132 99 
88 66 134 133 98 
89 134 92 135 133 
90 133 135 68 121 
91 98 133 121 5 
92 95 137 136 119 
93 137 98 138 136 
94 136 138 5 125 
95 116 141 139 140 
96 141 119 142 139 
97 144 125 145 143 
98 143 145 124 146 
99 131 143 146 102 
100 147 150 131 151 
101 148 147 151 128 
102 90 154 152 153 
103 152 100 72 155 
104 153 152 155 88 
105 156 129 99 159 
106 157 156 159 100 
107 101 162 160 161 
108 162 130 148 160 
109 160 148 128 163 
110 161 160 163 129 
111 119 165 164 142 
112 165 136 166 164 
113 164 166 125 144 
114 139 169 167 168 
115 169 142 170 167 
116 167 170 73 149 
117 168 167 149 130 
118 130 173 171 172 
119 173 149 174 171 
120 171 174 147 175 
121 172 171 175 148 
122 113 178 176 177 
123 178 96 117 176 
124 177 176 154 90 
125 154 181 179 180 
126 179 157 100 182 
127 180 179 182 152 
128 117 185 183 184 
129 185 116 140 183 
130 186 189 156 190 
131 187 186 190 157 
132 176 193 191 192 
133 193 117 184 191 
134 192 191 181 154 
135 184 196 194 195 
136 196 183 197 194 
137 194 197 158 188 
138 195 194 188 57 
139 158 199 198 189 
140 199 101 161 198 
141 198 161 129 200 
142 189 198 200 156 
143 188 203 201 202 
144 203 158 204 201 
145 201 204 189 205 
146 202 201 205 186 
147 181 208 206 207 
148 206 187 157 209 
149 207 206 209 179 
150 191 212 210 211 
151 212 184 195 210 
152 210 195 57 208 
153 211 210 208 181 
154 208 215 213 214 
155 215 57 216 213 
156 213 216 187 217 
157 214 213 217 206 
158 219 144 220 218 
159 218 220 143 221 
160 150 218 221 131 
161 142 223 222 170 
162 223 164 224 222 
163 222 224 144 219 
164 170 222 219 73 
165 73 227 225 226 
166 227 219 228 225 
167 225 228 218 229 
168 226 225 229 150 
169 140 232 230 231 
170 232 139 168 230 
171 230 168 130 162 
172 231 230 162 101 
173 149 234 233 174 
174 234 73 226 233 
175 233 226 150 235 
176 174 233 235 147 
177 183 237 236 197 
178 237 140 231 236 
179 236 231 101 199 
180 197 236 199 158 
181 57 239 238 216 
182 239 188 202 238 
183 238 202 186 240 
184 216 238 240 187 
