2 0.000000 100.000000 5791.461216
240 184 
1 -5.000000 0.000000 -5.000000 100.000000 0.000000 0.000000 -0.000000 
2 5.700000 0.000000 -5.000000 100.000000 0.000000 -0.000000 -0.000000 
3 5.700000 0.000000 5.000000 100.000000 -0.000000 -0.000000 -0.000000 
4 -5.000000 0.000000 5.000000 100.000000 -0.000000 0.000000 -0.000000 
5 0.350000 0.000000 0.000000 100.000000 -0.000000 -0.000000 -0.000000 
6 -5.000000 0.000000 0.000000 100.000000 -0.000000 0.000000 -0.000000 
7 0.350000 0.000000 -5.000000 100.000000 0.000000 -0.000000 -0.000000 
8 5.700000 0.000000 0.000000 100.000000 0.000000 0.000000 -0.000000 
9 0.350000 0.000000 5.000000 100.000000 -0.000000 -0.000000 -0.000000 
10 -2.325000 0.000000 2.500000 100.000000 0.000000 0.000000 -0.000000 
11 -5.000000 0.000000 2.500000 100.000000 -0.000000 0.000000 -0.000000 
12 -2.325000 0.000000 0.000000 100.000000 -0.000000 0.000000 -0.000000 
13 0.350000 0.000000 2.500000 100.000000 -0.000000 -0.000000 -0.000000 
14 -2.325000 0.000000 5.000000 100.000000 -0.000000 -0.000000 -0.000000 
15 -2.325000 0.000000 -2.500000 100.000000 -0.000000 0.000000 -0.000000 
16 -5.000000 0.000000 -2.500000 100.000000 0.000000 0.000000 -0.000000 
17 -2.325000 0.000000 -5.000000 100.000000 0.000000 -0.000000 -0.000000 
18 0.350000 0.000000 -2.500000 100.000000 0.000000 -0.000000 -0.000000 
19 3.025000 0.000000 2.500000 100.000000 -0.000000 -0.000000 -0.000000 
20 3.025000 0.000000 0.000000 100.000000 -0.000000 0.000000 -0.000000 
21 5.700000 0.000000 2.500000 100.000000 -0.000000 -0.000000 -0.000000 
22 3.025000 0.000000 5.000000 100.000000 -0.000000 -0.000000 -0.000000 
23 -0.987500 0.000000 1.250000 100.000000 0.000000 0.000000 -0.000000 
24 -2.325000 0.000000 1.250000 100.000000 -0.000000 0.000000 -0.000000 
25 -0.987500 0.000000 0.000000 100.000000 -0.000000 0.000000 -0.000000 
26 0.350000 0.000000 1.250000 100.000000 0.000000 -0.000000 -0.000000 
27 -0.987500 0.000000 2.500000 100.000000 -0.000000 -0.000000 -0.000000 
28 3.025000 0.000000 -2.500000 100.000000 0.000000 -0.000000 -0.000000 
29 3.025000 0.000000 -5.000000 100.000000 0.000000 -0.000000 -0.000000 
30 5.700000 0.000000 -2.500000 100.000000 0.000000 -0.000000 -0.000000 
31 -0.987500 0.000000 -1.250000 100.000000 -0.000000 0.000000 -0.000000 
32 -2.325000 0.000000 -1.250000 100.000000 0.000000 0.000000 -0.000000 
33 -0.987500 0.000000 -2.500000 100.000000 0.000000 -0.000000 -0.000000 
34 0.350000 0.000000 -1.250000 100.000000 -0.000000 -0.000000 -0.000000 
35 1.687500 0.000000 1.250000 100.000000 0.000000 -0.000000 -0.000000 
36 1.687500 0.000000 0.000000 100.000000 0.000000 0.000000 -0.000000 
37 3.025000 0.000000 1.250000 100.000000 -0.000000 -0.000000 -0.000000 
38 1.687500 0.000000 2.500000 100.000000 -0.000000 -0.000000 -0.000000 
39 -0.318750 0.000000 0.625000 100.000000 0.000000 0.000000 -0.000000 
40 -0.987500 0.000000 0.625000 100.000000 0.000000 0.000000 -0.000000 
41 -0.318750 0.000000 0.000000 100.000000 -0.000000 0.000000 -0.000000 
42 0.350000 0.000000 0.625000 100.000000 -0.000000 -0.000000 -0.000000 
43 -0.318750 0.000000 1.250000 100.000000 0.000000 -0.000000 -0.000000 
44 1.687500 0.000000 -1.250000 100.000000 -0.000000 -0.000000 -0.000000 
45 1.687500 0.000000 -2.500000 100.000000 0.000000 -0.000000 -0.000000 
46 3.025000 0.000000 -1.250000 100.000000 0.000000 -0.000000 -0.000000 
47 -0.318750 0.000000 -0.625000 100.000000 -0.000000 0.000000 -0.000000 
48 -0.987500 0.000000 -0.625000 100.000000 -0.000000 0.000000 -0.000000 
49 -0.318750 0.000000 -1.250000 100.000000 -0.000000 -0.000000 -0.000000 
50 0.350000 0.000000 -0.625000 100.000000 0.000000 -0.000000 -0.000000 
51 1.018750 0.000000 0.625000 100.000000 -0.000000 -0.000000 -0.000000 
52 1.018750 0.000000 0.000000 100.000000 0.000000 0.000000 -0.000000 
53 1.687500 0.000000 0.625000 100.000000 -0.000000 -0.000000 -0.000000 
54 1.018750 0.000000 1.250000 100.000000 0.000000 -0.000000 -0.000000 
55 0.015625 0.000000 0.312500 100.000000 -0.000000 0.000000 -0.000000 
56 -0.318750 0.000000 0.312500 100.000000 0.000000 0.000000 -0.000000 
57 0.015625 0.000000 0.000000 100.000000 -0.000000 0.000000 -0.000000 
58 0.350000 0.000000 0.312500 100.000000 -0.000000 -0.000000 -0.000000 
59 0.015625 0.000000 0.625000 100.000000 -0.000000 -0.000000 -0.000000 
60 1.018750 0.000000 -0.625000 100.000000 0.000000 -0.000000 -0.000000 
61 1.018750 0.000000 -1.250000 100.000000 -0.000000 -0.000000 -0.000000 
62 1.687500 0.000000 -0.625000 100.000000 0.000000 -0.000000 -0.000000 
63 0.015625 0.000000 -0.312500 100.000000 0.000000 0.000000 0.000000 
64 -0.318750 0.000000 -0.312500 100.000000 -0.000000 0.000000 -0.000000 
65 0.015625 0.000000 -0.625000 100.000000 0.000000 -0.000000 -0.000000 
66 0.350000 0.000000 -0.312500 100.000000 0.000000 -0.000000 0.000000 
67 0.684375 0.000000 0.312500 100.000000 -0.000000 -0.000000 -0.000000 
68 0.684375 0.000000 0.000000 100.000000 -0.000000 0.000000 -0.000000 
69 1.018750 0.000000 0.312500 100.000000 -0.000000 -0.000000 -0.000000 
70 0.684375 0.000000 0.625000 100.000000 -0.000000 -0.000000 -0.000000 
71 0.182813 0.000000 0.156250 100.000000 -0.000000 -0.000000 -0.000000 
72 0.015625 0.000000 0.156250 100.000000 -0.000000 0.000000 -0.000000 
73 0.182813 0.000000 0.000000 100.000000 -0.000000 -0.000000 -0.000000 
74 0.350000 0.000000 0.156250 100.000000 -0.000000 -0.000000 -0.000000 
75 0.182813 0.000000 0.312500 100.000000 -0.000000 -0.000000 -0.000000 
76 -3.662500 0.000000 1.250000 100.000000 0.000000 0.000000 -0.000000 
77 -5.000000 0.000000 1.250000 100.000000 -0.000000 0.000000 -0.000000 
78 -3.662500 0.000000 0.000000 100.000000 -0.000000 0.000000 -0.000000 
79 -3.662500 0.000000 2.500000 100.000000 -0.000000 0.000000 -0.000000 
80 -1.656250 0.000000 0.625000 100.000000 -0.000000 0.000000 -0.000000 
81 -2.325000 0.000000 0.625000 100.000000 -0.000000 0.000000 -0.000000 
82 -1.656250 0.000000 0.000000 100.000000 -0.000000 0.000000 -0.000000 
83 -1.656250 0.000000 1.250000 100.000000 -0.000000 0.000000 -0.000000 
84 -0.653125 0.000000 0.312500 100.000000 0.000000 0.000000 -0.000000 
85 -0.987500 0.000000 0.312500 100.000000 0.000000 0.000000 -0.000000 
86 -0.653125 0.000000 0.000000 100.000000 -0.000000 0.000000 -0.000000 
87 -0.653125 0.000000 0.625000 100.000000 0.000000 0.000000 -0.000000 
88 -0.151562 0.000000 0.156250 100.000000 -0.000000 0.000000 -0.000000 
89 -0.318750 0.000000 0.156250 100.000000 -0.000000 0.000000 -0.000000 
90 -0.151562 0.000000 0.000000 100.000000 -0.000000 0.000000 -0.000000 
91 -0.151562 0.000000 0.312500 100.000000 -0.000000 0.000000 -0.000000 
92 0.684375 0.000000 -0.312500 100.000000 0.000000 -0.000000 0.000000 
93 0.684375 0.000000 -0.625000 100.000000 0.000000 -0.000000 -0.000000 
94 1.018750 0.000000 -0.312500 100.000000 0.000000 -0.000000 -0.000000 
95 0.182813 0.000000 -0.156250 100.000000 0.000000 -0.000000 0.000000 
96 0.015625 0.000000 -0.156250 100.000000 0.000000 0.000000 0.000000 
97 0.182813 0.000000 -0.312500 100.000000 0.000000 -0.000000 0.000000 
98 0.350000 0.000000 -0.156250 100.000000 0.000000 -0.000000 0.000000 
99 0.099219 0.000000 0.078125 100.000000 -0.000000 0.000000 -0.000000 
100 0.015625 0.000000 0.078125 100.000000 -0.000000 0.000000 -0.000000 
101 0.099219 0.000000 0.000000 100.000000 -0.000000 0.000000 -0.000000 
102 0.182813 0.000000 0.078125 100.000000 -0.000000 -0.000000 -0.000000 
103 0.099219 0.000000 0.156250 100.000000 -0.000000 0.000000 -0.000000 
104 -3.662500 0.000000 -1.250000 100.000000 -0.000000 0.000000 -0.000000 
105 -5.000000 0.000000 -1.250000 100.000000 0.000000 0.000000 -0.000000 
106 -3.662500 0.000000 -2.500000 100.000000 0.000000 0.000000 -0.000000 
107 -1.656250 0.000000 -0.625000 100.000000 0.000000 0.000000 -0.000000 
108 -2.325000 0.000000 -0.625000 100.000000 0.000000 0.000000 -0.000000 
109 -1.656250 0.000000 -1.250000 100.000000 0.000000 0.000000 -0.000000 
110 -0.653125 0.000000 -0.312500 100.000000 -0.000000 0.000000 -0.000000 
111 -0.987500 0.000000 -0.312500 100.000000 -0.000000 0.000000 -0.000000 
112 -0.653125 0.000000 -0.625000 100.000000 -0.000000 0.000000 -0.000000 
113 -0.151562 0.000000 -0.156250 100.000000 0.000000 0.000000 -0.000000 
114 -0.318750 0.000000 -0.156250 100.000000 0.000000 0.000000 -0.000000 
115 -0.151562 0.000000 -0.312500 100.000000 0.000000 0.000000 -0.000000 
116 0.099219 0.000000 -0.078125 100.000000 0.000000 0.000000 0.000000 
117 0.015625 0.000000 -0.078125 100.000000 0.000000 0.000000 0.000000 
118 0.099219 0.000000 -0.156250 100.000000 0.000000 0.000000 0.000000 
119 0.182813 0.000000 -0.078125 100.000000 0.000000 -0.000000 0.000000 
120 0.517188 0.000000 0.156250 100.000000 -0.000000 -0.000000 -0.000000 
121 0.517188 0.000000 0.000000 100.000000 -0.000000 0.000000 -0.000000 
122 0.684375 0.000000 0.156250 100.000000 -0.000000 -0.000000 -0.000000 
123 0.517188 0.000000 0.312500 100.000000 -0.000000 -0.000000 -0.000000 
124 0.266406 0.000000 0.078125 100.000000 -0.000000 -0.000000 -0.000000 
125 0.266406 0.000000 0.000000 100.000000 -0.000000 -0.000000 -0.000000 
126 0.350000 0.000000 0.078125 100.000000 -0.000000 -0.000000 -0.000000 
127 0.266406 0.000000 0.156250 100.000000 -0.000000 -0.000000 -0.000000 
128 0.141016 0.000000 0.039062 100.000000 -0.000000 -0.000000 -0.000000 
129 0.099219 0.000000 0.039062 100.000000 -0.000000 0.000000 -0.000000 
130 0.141016 0.000000 0.000000 100.000000 -0.000000 0.000000 -0.000000 
131 0.182813 0.000000 0.039062 100.000000 -0.000000 -0.000000 -0.000000 
132 0.141016 0.000000 0.078125 100.000000 -0.000000 -0.000000 -0.000000 
133 0.517188 0.000000 -0.156250 100.000000 0.000000 -0.000000 0.000000 
134 0.517188 0.000000 -0.312500 100.000000 0.000000 -0.000000 0.000000 
135 0.684375 0.000000 -0.156250 100.000000 0.000000 -0.000000 -0.000000 
136 0.266406 0.000000 -0.078125 100.000000 0.000000 -0.000000 0.000000 
137 0.266406 0.000000 -0.156250 100.000000 0.000000 -0.000000 0.000000 
138 0.350000 0.000000 -0.078125 100.000000 0.000000 -0.000000 0.000000 
139 0.141016 0.000000 -0.039062 100.000000 0.000000 -0.000000 0.000000 
140 0.099219 0.000000 -0.039062 100.000000 0.000000 0.000000 0.000000 
141 0.141016 0.000000 -0.078125 100.000000 0.000000 -0.000000 0.000000 
142 0.182813 0.000000 -0.039062 100.000000 0.000000 -0.000000 0.000000 
143 0.224609 0.000000 0.039062 100.000000 -0.000000 -0.000000 -0.000000 
144 0.224609 0.000000 0.000000 100.000000 -0.000000 -0.000000 -0.000000 
145 0.266406 0.000000 0.039062 100.000000 -0.000000 -0.000000 -0.000000 
146 0.224609 0.000000 0.078125 100.000000 -0.000000 -0.000000 -0.000000 
147 0.161914 0.000000 0.019531 100.000000 -0.000000 -0.000000 -0.000000 
148 0.141016 0.000000 0.019531 100.000000 -0.000000 0.000000 -0.000000 
149 0.161914 0.000000 0.000000 100.000000 -0.000000 -0.000000 -0.000000 
150 0.182813 0.000000 0.019531 100.000000 -0.000000 0.000000 -0.000000 
151 0.161914 0.000000 0.039062 100.000000 -0.000000 -0.000000 -0.000000 
152 -0.067969 0.000000 0.078125 100.000000 -0.000000 0.000000 -0.000000 
153 -0.151562 0.000000 0.078125 100.000000 -0.000000 0.000000 -0.000000 
154 -0.067969 0.000000 0.000000 100.000000 -0.000000 0.000000 -0.000000 
155 -0.067969 0.000000 0.156250 100.000000 -0.000000 0.000000 -0.000000 
156 0.057422 0.000000 0.039062 100.000000 -0.000000 0.000000 -0.000000 
157 0.015625 0.000000 0.039062 100.000000 -0.000000 0.000000 -0.000000 
158 0.057422 0.000000 0.000000 100.000000 -0.000000 -0.000000 -0.000000 
159 0.057422 0.000000 0.078125 100.000000 -0.000000 0.000000 -0.000000 
160 0.120117 0.000000 0.019531 100.000000 -0.000000 0.000000 -0.000000 
161 0.099219 0.000000 0.019531 100.000000 -0.000000 0.000000 -0.000000 
162 0.120117 0.000000 0.000000 100.000000 -0.000000 0.000000 -0.000000 
163 0.120117 0.000000 0.039062 100.000000 -0.000000 0.000000 -0.000000 
164 0.224609 0.000000 -0.039062 100.000000 0.000000 -0.000000 0.000000 
165 0.224609 0.000000 -0.078125 100.000000 0.000000 -0.000000 0.000000 
166 0.266406 0.000000 -0.039062 100.000000 0.000000 -0.000000 0.000000 
167 0.161914 0.000000 -0.019531 100.000000 -0.000000 -0.000000 -0.000000 
168 0.141016 0.000000 -0.019531 100.000000 0.000000 0.000000 0.000000 
169 0.161914 0.000000 -0.039062 100.000000 0.000000 -0.000000 0.000000 
170 0.182813 0.000000 -0.019531 100.000000 -0.000000 0.000000 -0.000000 
171 0.151465 0.000000 0.009766 100.000000 -0.000000 -0.000000 -0.000000 
172 0.141016 0.000000 0.009766 100.000000 -0.000000 0.000000 -0.000000 
173 0.151465 0.000000 0.000000 100.000000 -0.000000 -0.000000 -0.000000 
174 0.161914 0.000000 0.009766 100.000000 -0.000000 -0.000000 -0.000000 
175 0.151465 0.000000 0.019531 100.000000 -0.000000 -0.000000 -0.000000 
176 -0.067969 0.000000 -0.078125 100.000000 0.000000 0.000000 -0.000000 
177 -0.151562 0.000000 -0.078125 100.000000 0.000000 0.000000 -0.000000 
178 -0.067969 0.000000 -0.156250 100.000000 0.000000 0.000000 0.000000 
179 -0.026172 0.000000 0.039062 100.000000 -0.000000 0.000000 -0.000000 
180 -0.067969 0.000000 0.039062 100.000000 -0.000000 0.000000 -0.000000 
181 -0.026172 0.000000 0.000000 100.000000 -0.000000 0.000000 -0.000000 
182 -0.026172 0.000000 0.078125 100.000000 -0.000000 0.000000 -0.000000 
183 0.057422 0.000000 -0.039062 100.000000 0.000000 0.000000 0.000000 
184 0.015625 0.000000 -0.039062 100.000000 0.000000 0.000000 0.000000 
185 0.057422 0.000000 -0.078125 100.000000 0.000000 0.000000 0.000000 
186 0.036523 0.000000 0.019531 100.000000 -0.000000 0.000000 -0.000000 
187 0.015625 0.000000 0.019531 100.000000 -0.000000 0.000000 -0.000000 
188 0.036523 0.000000 0.000000 100.000000 -0.000000 0.000000 -0.000000 
189 0.057422 0.000000 0.019531 100.000000 -0.000000 -0.000000 -0.000000 
190 0.036523 0.000000 0.039062 100.000000 -0.000000 0.000000 -0.000000 
191 -0.026172 0.000000 -0.039062 100.000000 0.000000 0.000000 0.000000 
192 -0.067969 0.000000 -0.039062 100.000000 0.000000 0.000000 -0.000000 
193 -0.026172 0.000000 -0.078125 100.000000 0.000000 0.000000 0.000000 
194 0.036523 0.000000 -0.019531 100.000000 -0.000000 0.000000 -0.000000 
195 0.015625 0.000000 -0.019531 100.000000 -0.000000 0.000000 -0.000000 
196 0.036523 0.000000 -0.039062 100.000000 0.000000 0.000000 0.000000 
197 0.057422 0.000000 -0.019531 100.000000 -0.000000 -0.000000 -0.000000 
198 0.078320 0.000000 0.019531 100.000000 -0.000000 0.000000 -0.000000 
199 0.078320 0.000000 0.000000 100.000000 -0.000000 -0.000000 -0.000000 
200 0.078320 0.000000 0.039062 100.000000 -0.000000 0.000000 -0.000000 
201 0.046973 0.000000 0.009766 100.000000 -0.000000 -0.000000 -0.000000 
202 0.036523 0.000000 0.009766 100.000000 -0.000000 0.000000 -0.000000 
203 0.046973 0.000000 0.000000 100.000000 -0.000000 -0.000000 -0.000000 
204 0.057422 0.000000 0.009766 100.000000 -0.000000 -0.000000 -0.000000 
205 0.046973 0.000000 0.019531 100.000000 -0.000000 -0.000000 -0.000000 
206 -0.005273 0.000000 0.019531 100.000000 -0.000000 0.000000 -0.000000 
207 -0.026172 0.000000 0.019531 100.000000 -0.000000 0.000000 -0.000000 
208 -0.005273 0.000000 0.000000 100.000000 -0.000000 0.000000 -0.000000 
209 -0.005273 0.000000 0.039062 100.000000 -0.000000 0.000000 -0.000000 
210 -0.005273 0.000000 -0.019531 100.000000 -0.000000 0.000000 -0.000000 
211 -0.026172 0.000000 -0.019531 100.000000 0.000000 0.000000 -0.000000 
212 -0.005273 0.000000 -0.039062 100.000000 0.000000 0.000000 0.000000 
213 0.005176 0.000000 0.009766 100.000000 -0.000000 0.000000 -0.000000 
214 -0.005273 0.000000 0.009766 100.000000 -0.000000 0.000000 -0.000000 
215 0.005176 0.000000 0.000000 100.000000 -0.000000 0.000000 -0.000000 
216 0.015625 0.000000 0.009766 100.000000 -0.000000 0.000000 -0.000000 
217 0.005176 0.000000 0.019531 100.000000 -0.000000 0.000000 -0.000000 
218 0.203711 0.000000 0.019531 100.000000 -0.000000 -0.000000 -0.000000 
219 0.203711 0.000000 0.000000 100.000000 -0.000000 -0.000000 -0.000000 
220 0.224609 0.000000 0.019531 100.000000 -0.000000 -0.000000 -0.000000 
221 0.203711 0.000000 0.039062 100.000000 -0.000000 -0.000000 -0.000000 
222 0.203711 0.000000 -0.019531 100.000000 -0.000000 -0.000000 -0.000000 
223 0.203711 0.000000 -0.039062 100.000000 0.000000 -0.000000 0.000000 
224 0.224609 0.000000 -0.019531 100.000000 -0.000000 -0.000000 -0.000000 
225 0.193262 0.000000 0.009766 100.000000 -0.000000 -0.000000 -0.000000 
226 0.182813 0.000000 0.009766 100.000000 -0.000000 0.000000 -0.000000 
227 0.193262 0.000000 0.000000 100.000000 -0.000000 -0.000000 -0.000000 
228 0.203711 0.000000 0.009766 100.000000 -0.000000 -0.000000 -0.000000 
229 0.193262 0.000000 0.019531 100.000000 -0.000000 -0.000000 -0.000000 
230 0.120117 0.000000 -0.019531 100.000000 0.000000 0.000000 0.000000 
231 0.099219 0.000000 -0.019531 100.000000 0.000000 0.000000 0.000000 
232 0.120117 0.000000 -0.039062 100.000000 0.000000 0.000000 0.000000 
233 0.172363 0.000000 0.009766 100.000000 -0.000000 0.000000 -0.000000 
234 0.172363 0.000000 0.000000 100.000000 -0.000000 0.000000 -0.000000 
235 0.172363 0.000000 0.019531 100.000000 -0.000000 0.000000 -0.000000 
236 0.078320 0.000000 -0.019531 100.000000 -0.000000 0.000000 -0.000000 
237 0.078320 0.000000 -0.039062 100.000000 0.000000 0.000000 0.000000 
238 0.026074 0.000000 0.009766 100.000000 -0.000000 0.000000 -0.000000 
239 0.026074 0.000000 0.000000 100.000000 -0.000000 0.000000 -0.000000 
240 0.026074 0.000000 0.019531 100.000000 -0.000000 0.000000 -0.000000 
1 10 13 9 14 
2 11 10 14 4 
3 1 17 15 16 
4 17 7 18 15 
5 20 8 21 19 
6 19 21 3 22 
7 13 19 22 9 
8 23 26 13 27 
9 24 23 27 10 
10 7 29 28 18 
11 29 2 30 28 
12 28 30 8 20 
13 15 33 31 32 
14 33 18 34 31 
15 36 20 37 35 
16 35 37 19 38 
17 26 35 38 13 
18 39 42 26 43 
19 40 39 43 23 
20 18 45 44 34 
21 45 28 46 44 
22 44 46 20 36 
23 31 49 47 48 
24 49 34 50 47 
25 52 36 53 51 
26 51 53 35 54 
27 42 51 54 26 
28 55 58 42 59 
29 56 55 59 39 
30 34 61 60 50 
31 61 44 62 60 
32 60 62 36 52 
33 47 65 63 64 
34 65 50 66 63 
35 68 52 69 67 
36 67 69 51 70 
37 58 67 70 42 
38 71 74 58 75 
39 72 71 75 55 
40 6 78 76 77 
41 78 12 24 76 
42 76 24 10 79 
43 77 76 79 11 
44 12 82 80 81 
45 82 25 40 80 
46 80 40 23 83 
47 81 80 83 24 
48 25 86 84 85 
49 86 41 56 84 
50 84 56 39 87 
51 85 84 87 40 
52 41 90 88 89 
53 88 72 55 91 
54 89 88 91 56 
55 50 93 92 66 
56 93 60 94 92 
57 92 94 52 68 
58 63 97 95 96 
59 97 66 98 95 
60 99 102 71 103 
61 100 99 103 72 
62 16 106 104 105 
63 106 15 32 104 
64 104 32 12 78 
65 105 104 78 6 
66 32 109 107 108 
67 109 31 48 107 
68 107 48 25 82 
69 108 107 82 12 
70 48 112 110 111 
71 112 47 64 110 
72 110 64 41 86 
73 111 110 86 25 
74 64 115 113 114 
75 115 63 96 113 
76 114 113 90 41 
77 96 118 116 117 
78 118 95 119 116 
79 5 121 120 74 
80 121 68 122 120 
81 120 122 67 123 
82 74 120 123 58 
83 125 5 126 124 
84 124 126 74 127 
85 102 124 127 71 
86 128 131 102 132 
87 129 128 132 99 
88 66 134 133 98 
89 134 92 135 133 
90 133 135 68 121 
91 98 133 121 5 
92 95 137 136 119 
93 137 98 138 136 
94 136 138 5 125 
95 116 141 139 140 
96 141 119 142 139 
97 144 125 145 143 
98 143 145 124 146 
99 131 143 146 102 
100 147 150 131 151 
101 148 147 151 128 
102 90 154 152 153 
103 152 100 72 155 
104 153 152 155 88 
105 156 129 99 159 
106 157 156 159 100 
107 101 162 160 161 
108 162 130 148 160 
109 160 148 128 163 
110 161 160 163 129 
111 119 165 164 142 
112 165 136 166 164 
113 164 166 125 144 
114 139 169 167 168 
115 169 142 170 167 
116 167 170 73 149 
117 168 167 149 130 
118 130 173 171 172 
119 173 149 174 171 
120 171 174 147 175 
121 172 171 175 148 
122 113 178 176 177 
123 178 96 117 176 
124 177 176 154 90 
125 154 181 179 180 
126 179 157 100 182 
127 180 179 182 152 
128 117 185 183 184 
129 185 116 140 183 
130 186 189 156 190 
131 187 186 190 157 
132 176 193 191 192 
133 193 117 184 191 
134 192 191 181 154 
135 184 196 194 195 
136 196 183 197 194 
137 194 197 158 188 
138 195 194 188 57 
139 158 199 198 189 
140 199 101 161 198 
141 198 161 129 200 
142 189 198 200 156 
143 188 203 201 202 
144 203 158 204 201 
145 201 204 189 205 
146 202 201 205 186 
147 181 208 206 207 
148 206 187 157 209 
149 207 206 209 179 
150 191 212 210 211 
151 212 184 195 210 
152 210 195 57 208 
153 211 210 208 181 
154 208 215 213 214 
155 215 57 216 213 
156 213 216 187 217 
157 214 213 217 206 
158 219 144 220 218 
159 218 220 143 221 
160 150 218 221 131 
161 142 223 222 170 
162 223 164 224 222 
163 222 224 144 219 
164 170 222 219 73 
165 73 227 225 226 
166 227 219 228 225 
167 225 228 218 229 
168 226 225 229 150 
169 140 232 230 231 
170 232 139 168 230 
171 230 168 130 162 
172 231 230 162 101 
173 149 234 233 174 
174 234 73 226 233 
175 233 226 150 235 
176 174 233 235 147 
177 183 237 236 197 
178 237 140 231 236 
179 236 231 101 199 
180 197 236 199 158 
181 57 239 238 216 
182 239 188 202 238 
183 238 202 186 240 
184 216 238 240 187 
