2 0.000000 100.000000 5791.461216
240 184 
1 -5.000000 0.000000 -5.000000 99.250984 0.000000 12.187867 0.000070 
2 5.700000 0.000000 -5.000000 99.252765 0.000001 12.166504 0.000086 
3 5.700000 0.000000 5.000000 99.261983 0.000001 12.153547 -0.000065 
4 -5.000000 0.000000 5.000000 99.259017 -0.000000 12.187577 -0.000089 
5 0.350000 0.000000 0.000000 99.073827 0.000010 8.046944 0.011962 
6 -5.000000 0.000000 0.000000 99.255222 0.000000 12.192294 -0.000025 
7 0.350000 0.000000 -5.000000 99.243704 0.000001 12.175215 0.000245 
8 5.700000 0.000000 0.000000 99.391171 0.000034 11.063588 -0.000101 
9 0.350000 0.000000 5.000000 99.268465 0.000000 12.172485 -0.000240 
10 -2.325000 0.000000 2.500000 99.272518 0.000001 12.188701 -0.000360 
11 -5.000000 0.000000 2.500000 99.259023 0.000000 12.190084 -0.000095 
12 -2.325000 0.000000 0.000000 99.256908 0.000001 12.208026 -0.000097 
13 0.350000 0.000000 2.500000 99.308612 0.000001 12.129804 -0.000933 
14 -2.325000 0.000000 5.000000 99.263986 0.000000 12.184121 -0.000179 
15 -2.325000 0.000000 -2.500000 99.239741 0.000001 12.189791 0.000288 
16 -5.000000 0.000000 -2.500000 99.251270 0.000000 12.190307 0.000058 
17 -2.325000 0.000000 -5.000000 99.246766 0.000000 12.184978 0.000161 
18 0.350000 0.000000 -2.500000 99.211367 0.000002 12.139075 0.000975 
19 3.025000 0.000000 2.500000 99.283910 0.000005 12.050445 -0.000251 
20 3.025000 0.000000 0.000000 99.513803 -0.000014 10.029426 -0.000359 
21 5.700000 0.000000 2.500000 99.278600 0.000005 12.012464 -0.000054 
22 3.025000 0.000000 5.000000 99.265547 0.000000 12.159729 -0.000151 
23 -0.987500 0.000000 1.250000 99.327489 0.000002 12.195189 -0.001467 
24 -2.325000 0.000000 1.250000 99.272695 0.000001 12.198970 -0.000388 
25 -0.987500 0.000000 0.000000 99.261644 0.000002 12.280921 -0.000369 
26 0.350000 0.000000 1.250000 99.454469 0.000005 11.966244 -0.003438 
27 -0.987500 0.000000 2.500000 99.292329 0.000001 12.173848 -0.000717 
28 3.025000 0.000000 -2.500000 99.248071 0.000004 12.100650 0.000339 
29 3.025000 0.000000 -5.000000 99.248229 0.000001 12.166770 0.000176 
30 5.700000 0.000000 -2.500000 99.258304 0.000004 12.119270 0.000091 
31 -0.987500 0.000000 -1.250000 99.191694 0.000001 12.198460 0.001221 
32 -2.325000 0.000000 -1.250000 99.240576 0.000001 12.199773 0.000247 
33 -0.987500 0.000000 -2.500000 99.222798 0.000001 12.176977 0.000656 
34 0.350000 0.000000 -1.250000 99.090254 0.000004 11.992195 0.003731 
35 1.687500 0.000000 1.250000 99.357388 0.000009 11.721332 -0.000928 
36 1.687500 0.000000 0.000000 99.547968 -0.000079 9.604206 -0.000204 
37 3.025000 0.000000 1.250000 99.335092 0.000006 11.608857 -0.000223 
38 1.687500 0.000000 2.500000 99.296595 0.000002 12.081915 -0.000579 
39 -0.318750 0.000000 0.625000 99.557911 0.000003 12.205490 -0.006075 
40 -0.987500 0.000000 0.625000 99.330277 0.000002 12.238875 -0.001629 
41 -0.318750 0.000000 0.000000 99.272337 0.000004 12.686377 -0.001594 
42 0.350000 0.000000 0.625000 99.880974 0.000004 11.457754 -0.010749 
43 -0.318750 0.000000 1.250000 99.403164 0.000003 12.135477 -0.002826 
44 1.687500 0.000000 -1.250000 99.228612 0.000009 11.863871 0.001293 
45 1.687500 0.000000 -2.500000 99.229631 0.000003 12.107158 0.000690 
46 3.025000 0.000000 -1.250000 99.268483 0.000013 11.926534 0.000353 
47 -0.318750 0.000000 -0.625000 98.980112 0.000003 12.213378 0.005377 
48 -0.987500 0.000000 -0.625000 99.191765 0.000002 12.241155 0.001115 
49 -0.318750 0.000000 -1.250000 99.124735 0.000002 12.144224 0.002680 
50 0.350000 0.000000 -0.625000 98.711367 0.000009 11.500955 0.012379 
51 1.018750 0.000000 0.625000 99.545743 -0.000008 10.989531 -0.003012 
52 1.018750 0.000000 0.000000 99.472401 -0.000084 9.620722 0.001268 
53 1.687500 0.000000 0.625000 99.466324 -0.000018 10.724415 -0.000856 
54 1.018750 0.000000 1.250000 99.406089 0.000007 11.804482 -0.002092 
55 0.015625 0.000000 0.312500 100.593020 0.000004 11.980953 -0.026250 
56 -0.318750 0.000000 0.312500 99.610766 0.000004 12.402416 -0.007612 
57 0.015625 0.000000 0.000000 99.288411 0.000006 0.000017 0.014181 
58 0.350000 0.000000 0.312500 100.676200 0.000000 10.216246 -0.024007 
59 0.015625 0.000000 0.625000 99.806185 0.000004 11.957077 -0.010425 
60 1.018750 0.000000 -0.625000 99.148590 0.000017 11.163425 0.004494 
61 1.018750 0.000000 -1.250000 99.161772 0.000007 11.874724 0.002593 
62 1.687500 0.000000 -0.625000 99.295335 0.000022 11.295335 0.001285 
63 0.015625 0.000000 -0.312500 97.976983 0.000006 11.992579 0.025669 
64 -0.318750 0.000000 -0.312500 98.931980 0.000004 12.407233 0.005852 
65 0.015625 0.000000 -0.625000 98.750807 0.000005 11.974505 0.010489 
66 0.350000 0.000000 -0.312500 97.948571 0.000012 10.243091 0.030116 
67 0.684375 0.000000 0.312500 99.862223 -0.000017 9.920595 -0.007088 
68 0.684375 0.000000 0.000000 99.313323 -0.000043 9.534328 0.004596 
69 1.018750 0.000000 0.312500 99.613599 -0.000058 9.940568 -0.002168 
70 0.684375 0.000000 0.625000 99.699585 -0.000001 11.132189 -0.006393 
71 0.182813 0.000000 0.156250 102.439435 0.000004 9.277257 -0.057991 
72 0.015625 0.000000 0.156250 101.677640 0.000005 12.250890 -0.048843 
73 0.182813 0.000000 0.000000 99.259091 0.000007 -0.000023 0.014763 
74 0.350000 0.000000 0.156250 101.012634 0.000002 8.419649 -0.027444 
75 0.182813 0.000000 0.312500 100.925042 0.000003 11.037065 -0.030768 
76 -3.662500 0.000000 1.250000 99.261113 0.000000 12.194071 -0.000146 
77 -5.000000 0.000000 1.250000 99.257622 0.000000 12.191586 -0.000071 
78 -3.662500 0.000000 0.000000 99.255704 0.000000 12.196157 -0.000044 
79 -3.662500 0.000000 2.500000 99.263046 0.000000 12.190739 -0.000177 
80 -1.656250 0.000000 0.625000 99.281115 0.000001 12.218347 -0.000603 
81 -2.325000 0.000000 0.625000 99.266946 0.000001 12.205074 -0.000289 
82 -1.656250 0.000000 0.000000 99.258149 0.000001 12.227411 -0.000169 
83 -1.656250 0.000000 1.250000 99.289328 0.000001 12.200892 -0.000723 
84 -0.653125 0.000000 0.312500 99.371223 0.000003 12.319943 -0.002642 
85 -0.987500 0.000000 0.312500 99.306123 0.000002 12.267301 -0.001219 
86 -0.653125 0.000000 0.000000 99.265261 0.000003 12.365212 -0.000649 
87 -0.653125 0.000000 0.625000 99.401155 0.000003 12.246698 -0.003057 
88 -0.151562 0.000000 0.156250 100.020031 0.000004 12.844748 -0.016899 
89 -0.318750 0.000000 0.156250 99.526147 0.000004 12.588463 -0.006392 
90 -0.151562 0.000000 0.000000 99.278451 0.000005 13.350187 -0.003444 
91 -0.151562 0.000000 0.312500 99.979732 0.000004 12.385364 -0.014934 
92 0.684375 0.000000 -0.312500 98.888848 0.000017 10.020616 0.012058 
93 0.684375 0.000000 -0.625000 98.938345 0.000014 11.234022 0.008500 
94 1.018750 0.000000 -0.312500 99.259166 0.000012 10.231224 0.004294 
95 0.182813 0.000000 -0.156250 96.148990 0.000008 9.279923 0.066925 
96 0.015625 0.000000 -0.156250 96.895789 0.000006 12.256750 0.046098 
97 0.182813 0.000000 -0.312500 97.663889 0.000009 11.054067 0.033957 
98 0.350000 0.000000 -0.156250 97.598936 0.000012 8.379151 0.040424 
99 0.099219 0.000000 0.078125 104.786724 0.000005 8.817817 -0.105801 
100 0.015625 0.000000 0.078125 103.244986 0.000005 12.788181 -0.082306 
101 0.099219 0.000000 0.000000 99.288327 0.000006 -0.000006 0.014183 
102 0.182813 0.000000 0.078125 103.464796 0.000004 6.487729 -0.074705 
103 0.099219 0.000000 0.156250 102.489898 0.000004 10.819455 -0.062124 
104 -3.662500 0.000000 -1.250000 99.250168 0.000000 12.194359 0.000070 
105 -5.000000 0.000000 -1.250000 99.252780 0.000000 12.191713 0.000025 
106 -3.662500 0.000000 -2.500000 99.247855 0.000000 12.191184 0.000124 
107 -1.656250 0.000000 -0.625000 99.234835 0.000001 12.219222 0.000314 
108 -2.325000 0.000000 -0.625000 99.246728 0.000001 12.205529 0.000111 
109 -1.656250 0.000000 -1.250000 99.226144 0.000001 12.202445 0.000527 
110 -0.653125 0.000000 -0.312500 99.158571 0.000003 12.322246 0.001574 
111 -0.987500 0.000000 -0.312500 99.216828 0.000002 12.268550 0.000550 
112 -0.653125 0.000000 -0.625000 99.126706 0.000002 12.250735 0.002382 
113 -0.151562 0.000000 -0.156250 98.536069 0.000005 12.848657 0.012556 
114 -0.318750 0.000000 -0.156250 99.018027 0.000004 12.591003 0.003690 
115 -0.151562 0.000000 -0.312500 98.574008 0.000005 12.392739 0.012958 
116 0.099219 0.000000 -0.078125 93.790765 0.000006 8.819816 0.112550 
117 0.015625 0.000000 -0.078125 95.328938 0.000006 12.791016 0.074878 
118 0.099219 0.000000 -0.156250 96.089019 0.000007 10.825167 0.064972 
119 0.182813 0.000000 -0.078125 95.110908 0.000008 6.480922 0.091191 
120 0.517188 0.000000 0.156250 100.120925 -0.000002 8.872986 -0.010293 
121 0.517188 0.000000 0.000000 99.194102 -0.000028 9.237000 0.007521 
122 0.684375 0.000000 0.156250 99.737589 -0.000012 9.377105 -0.003552 
123 0.517188 0.000000 0.312500 100.212069 -0.000006 9.918928 -0.014084 
124 0.266406 0.000000 0.078125 101.627511 0.000003 6.453047 -0.036979 
125 0.266406 0.000000 0.000000 99.072853 0.000073 5.992787 0.014866 
126 0.350000 0.000000 0.078125 100.545958 0.000005 7.438743 -0.016482 
127 0.266406 0.000000 0.156250 101.745395 0.000003 8.509524 -0.042454 
128 0.141016 0.000000 0.039062 105.292687 0.000004 4.255717 -0.110466 
129 0.099219 0.000000 0.039062 106.605260 0.000006 5.551248 -0.139550 
130 0.141016 0.000000 0.000000 99.283921 0.000006 -0.000012 0.014270 
131 0.182813 0.000000 0.039062 103.735662 0.000000 3.747736 -0.077513 
132 0.141016 0.000000 0.078125 104.313494 0.000005 7.340734 -0.093519 
133 0.517188 0.000000 -0.156250 98.555558 0.000014 8.746372 0.021030 
134 0.517188 0.000000 -0.312500 98.468250 0.000016 9.968335 0.020464 
135 0.684375 0.000000 -0.156250 99.035538 0.000009 9.163047 0.010800 
136 0.266406 0.000000 -0.078125 96.918207 0.000010 6.379940 0.056616 
137 0.266406 0.000000 -0.156250 96.852028 0.000010 8.498705 0.054746 
138 0.350000 0.000000 -0.078125 97.977357 0.000009 7.199244 0.034861 
139 0.141016 0.000000 -0.039062 93.283075 0.000008 4.254806 0.128016 
140 0.099219 0.000000 -0.039062 91.971314 0.000005 5.552034 0.151045 
141 0.141016 0.000000 -0.078125 94.265583 0.000007 7.340662 0.106011 
142 0.182813 0.000000 -0.039062 94.826619 0.000012 3.738921 0.099393 
143 0.224609 0.000000 0.039062 101.967063 -0.000004 4.334206 -0.041607 
144 0.224609 0.000000 0.000000 99.239066 0.000009 -0.000014 0.015161 
145 0.266406 0.000000 0.039062 100.816964 -0.000005 5.649477 -0.019598 
146 0.224609 0.000000 0.078125 102.475872 0.000003 6.258665 -0.054048 
147 0.161914 0.000000 0.019531 99.279840 0.000006 -0.000015 0.014351 
148 0.141016 0.000000 0.019531 105.593786 0.000000 2.170089 -0.115476 
149 0.161914 0.000000 0.000000 99.278356 0.000006 -0.000018 0.014381 
150 0.182813 0.000000 0.019531 99.270743 0.000006 -0.000027 0.014532 
151 0.161914 0.000000 0.039062 104.557058 0.000002 3.921032 -0.094755 
152 -0.067969 0.000000 0.078125 100.570128 0.000005 13.560513 -0.029824 
153 -0.151562 0.000000 0.078125 99.787367 0.000005 13.161610 -0.013075 
154 -0.067969 0.000000 0.000000 99.282462 0.000005 14.410120 -0.006466 
155 -0.067969 0.000000 0.156250 100.679584 0.000005 12.844507 -0.030136 
156 0.057422 0.000000 0.039062 107.369318 0.000007 8.361271 -0.159808 
157 0.015625 0.000000 0.039062 105.619721 0.000006 13.185962 -0.132939 
158 0.057422 0.000000 0.000000 99.289792 0.000006 0.000005 0.014154 
159 0.057422 0.000000 0.078125 104.514084 0.000005 10.870813 -0.104137 
160 0.120117 0.000000 0.019531 106.468036 0.000003 2.418337 -0.134129 
161 0.099219 0.000000 0.019531 107.375838 0.000006 2.792720 -0.153737 
162 0.120117 0.000000 0.000000 99.286750 0.000006 -0.000012 0.014214 
163 0.120117 0.000000 0.039062 105.975242 0.000005 4.776007 -0.125356 
164 0.224609 0.000000 -0.039062 96.543279 0.000014 4.275813 0.066111 
165 0.224609 0.000000 -0.078125 96.087861 0.000009 6.231592 0.072829 
166 0.266406 0.000000 -0.039062 97.619041 0.000013 5.427348 0.044107 
167 0.161914 0.000000 -0.019531 99.279840 0.000006 -0.000015 0.014351 
168 0.141016 0.000000 -0.019531 92.980762 0.000011 2.169467 0.134987 
169 0.161914 0.000000 -0.039062 94.014684 0.000009 3.917742 0.114589 
170 0.182813 0.000000 -0.019531 99.270743 0.000006 -0.000027 0.014532 
171 0.151465 0.000000 0.009766 99.282144 0.000006 -0.000014 0.014306 
172 0.141016 0.000000 0.009766 99.283921 0.000006 -0.000012 0.014270 
173 0.151465 0.000000 0.000000 99.282144 0.000006 -0.000014 0.014306 
174 0.161914 0.000000 0.009766 99.278356 0.000006 -0.000018 0.014381 
175 0.151465 0.000000 0.019531 105.159368 -0.000001 2.045185 -0.106268 
176 -0.067969 0.000000 -0.078125 97.994580 0.000005 13.562951 0.021311 
177 -0.151562 0.000000 -0.078125 98.769335 0.000005 13.163589 0.007134 
178 -0.067969 0.000000 -0.156250 97.884434 0.000005 12.849359 0.025353 
179 -0.026172 0.000000 0.039062 101.599525 0.000005 14.844937 -0.054284 
180 -0.067969 0.000000 0.039062 100.165743 0.000005 14.102564 -0.023206 
181 -0.026172 0.000000 0.000000 99.284695 0.000005 16.569394 -0.013200 
182 -0.026172 0.000000 0.078125 101.621408 0.000005 13.608089 -0.051209 
183 0.057422 0.000000 -0.039062 91.204347 0.000004 8.362489 0.161184 
184 0.015625 0.000000 -0.039062 92.954264 0.000005 13.187359 0.118560 
185 0.057422 0.000000 -0.078125 94.059784 0.000006 10.873379 0.103453 
186 0.036523 0.000000 0.019531 99.290283 0.000006 0.000010 0.014144 
187 0.015625 0.000000 0.019531 99.287407 0.000006 0.000020 0.014201 
188 0.036523 0.000000 0.000000 99.289095 0.000006 0.000014 0.014168 
189 0.057422 0.000000 0.019531 99.289496 0.000006 0.000005 0.014160 
190 0.036523 0.000000 0.039062 107.023578 0.000006 10.642439 -0.156731 
191 -0.026172 0.000000 -0.039062 96.969821 0.000005 14.846265 0.037644 
192 -0.067969 0.000000 -0.039062 98.399128 0.000005 14.103783 0.011869 
193 -0.026172 0.000000 -0.078125 96.947796 0.000006 13.610755 0.041587 
194 0.036523 0.000000 -0.019531 99.290283 0.000006 0.000010 0.014144 
195 0.015625 0.000000 -0.019531 99.287407 0.000006 0.000020 0.014201 
196 0.036523 0.000000 -0.039062 91.552695 0.000005 10.643835 0.150481 
197 0.057422 0.000000 -0.019531 99.289496 0.000006 0.000005 0.014160 
198 0.078320 0.000000 0.019531 99.288327 0.000006 0.000002 0.014183 
199 0.078320 0.000000 0.000000 99.288806 0.000006 0.000004 0.014173 
200 0.078320 0.000000 0.039062 107.122152 0.000007 6.689822 -0.151991 
201 0.046973 0.000000 0.009766 99.290359 0.000006 0.000006 0.014142 
202 0.036523 0.000000 0.009766 99.289095 0.000006 0.000014 0.014168 
203 0.046973 0.000000 0.000000 99.290052 0.000006 0.000006 0.014149 
204 0.057422 0.000000 0.009766 99.289792 0.000006 0.000005 0.014154 
205 0.046973 0.000000 0.019531 99.290680 0.000006 0.000006 0.014136 
206 -0.005273 0.000000 0.019531 99.286788 0.000006 0.000021 0.014213 
207 -0.026172 0.000000 0.019531 100.997086 0.000005 15.861234 -0.045199 
208 -0.005273 0.000000 0.000000 99.286850 0.000006 0.000022 0.014212 
209 -0.005273 0.000000 0.039062 103.375395 0.000005 14.721535 -0.090320 
210 -0.005273 0.000000 -0.019531 99.286788 0.000006 0.000021 0.014213 
211 -0.026172 0.000000 -0.019531 97.572293 0.000005 15.861897 0.022805 
212 -0.005273 0.000000 -0.039062 95.196264 0.000005 14.722906 0.072091 
213 0.005176 0.000000 0.009766 99.287407 0.000006 0.000020 0.014201 
214 -0.005273 0.000000 0.009766 99.286850 0.000006 0.000022 0.014212 
215 0.005176 0.000000 0.000000 99.287263 0.000006 0.000022 0.014204 
216 0.015625 0.000000 0.009766 99.288144 0.000006 0.000018 0.014186 
217 0.005176 0.000000 0.019531 99.286850 0.000006 0.000022 0.014212 
218 0.203711 0.000000 0.019531 99.245663 0.000008 -0.000016 0.015030 
219 0.203711 0.000000 0.000000 99.251142 0.000008 -0.000019 0.014921 
220 0.224609 0.000000 0.019531 99.230917 0.000010 -0.000013 0.015323 
221 0.203711 0.000000 0.039062 102.822247 -0.000002 3.891612 -0.058756 
222 0.203711 0.000000 -0.019531 99.245663 0.000008 -0.000016 0.015030 
223 0.203711 0.000000 -0.039062 95.720607 0.000014 3.868596 0.082260 
224 0.224609 0.000000 -0.019531 99.230917 0.000010 -0.000013 0.015323 
225 0.193262 0.000000 0.009766 99.255695 0.000007 -0.000020 0.014831 
226 0.182813 0.000000 0.009766 99.261890 0.000007 -0.000022 0.014708 
227 0.193262 0.000000 0.000000 99.256599 0.000007 -0.000020 0.014813 
228 0.203711 0.000000 0.009766 99.251142 0.000008 -0.000019 0.014921 
229 0.193262 0.000000 0.019531 99.251142 0.000008 -0.000019 0.014921 
230 0.120117 0.000000 -0.019531 92.108315 0.000008 2.418376 0.151021 
231 0.099219 0.000000 -0.019531 91.200440 0.000005 2.793080 0.167468 
232 0.120117 0.000000 -0.039062 92.601694 0.000006 4.776224 0.140211 
233 0.172363 0.000000 0.009766 99.274584 0.000006 -0.000021 0.014456 
234 0.172363 0.000000 0.000000 99.273828 0.000006 -0.000024 0.014471 
235 0.172363 0.000000 0.019531 99.273907 0.000006 -0.000025 0.014469 
236 0.078320 0.000000 -0.019531 99.288327 0.000006 0.000002 0.014183 
237 0.078320 0.000000 -0.039062 91.453207 0.000005 6.690899 0.159154 
238 0.026074 0.000000 0.009766 99.288942 0.000006 0.000015 0.014171 
239 0.026074 0.000000 0.000000 99.289198 0.000006 0.000014 0.014166 
240 0.026074 0.000000 0.019531 99.288144 0.000006 0.000018 0.014186 
1 10 13 9 14 
2 11 10 14 4 
3 1 17 15 16 
4 17 7 18 15 
5 20 8 21 19 
6 19 21 3 22 
7 13 19 22 9 
8 23 26 13 27 
9 24 23 27 10 
10 7 29 28 18 
11 29 2 30 28 
12 28 30 8 20 
13 15 33 31 32 
14 33 18 34 31 
15 36 20 37 35 
16 35 37 19 38 
17 26 35 38 13 
18 39 42 26 43 
19 40 39 43 23 
20 18 45 44 34 
21 45 28 46 44 
22 44 46 20 36 
23 31 49 47 48 
24 49 34 50 47 
25 52 36 53 51 
26 51 53 35 54 
27 42 51 54 26 
28 55 58 42 59 
29 56 55 59 39 
30 34 61 60 50 
31 61 44 62 60 
32 60 62 36 52 
33 47 65 63 64 
34 65 50 66 63 
35 68 52 69 67 
36 67 69 51 70 
37 58 67 70 42 
38 71 74 58 75 
39 72 71 75 55 
40 6 78 76 77 
41 78 12 24 76 
42 76 24 10 79 
43 77 76 79 11 
44 12 82 80 81 
45 82 25 40 80 
46 80 40 23 83 
47 81 80 83 24 
48 25 86 84 85 
49 86 41 56 84 
50 84 56 39 87 
51 85 84 87 40 
52 41 90 88 89 
53 88 72 55 91 
54 89 88 91 56 
55 50 93 92 66 
56 93 60 94 92 
57 92 94 52 68 
58 63 97 95 96 
59 97 66 98 95 
60 99 102 71 103 
61 100 99 103 72 
62 16 106 104 105 
63 106 15 32 104 
64 104 32 12 78 
65 105 104 78 6 
66 32 109 107 108 
67 109 31 48 107 
68 107 48 25 82 
69 108 107 82 12 
70 48 112 110 111 
71 112 47 64 110 
72 110 64 41 86 
73 111 110 86 25 
74 64 115 113 114 
75 115 63 96 113 
76 114 113 90 41 
77 96 118 116 117 
78 118 95 119 116 
79 5 121 120 74 
80 121 68 122 120 
81 120 122 67 123 
82 74 120 123 58 
83 125 5 126 124 
84 124 126 74 127 
85 102 124 127 71 
86 128 131 102 132 
87 129 128 132 99 
88 66 134 133 98 
89 134 92 135 133 
90 133 135 68 121 
91 98 133 121 5 
92 95 137 136 119 
93 137 98 138 136 
94 136 138 5 125 
95 116 141 139 140 
96 141 119 142 139 
97 144 125 145 143 
98 143 145 124 146 
99 131 143 146 102 
100 147 150 131 151 
101 148 147 151 128 
102 90 154 152 153 
103 152 100 72 155 
104 153 152 155 88 
105 156 129 99 159 
106 157 156 159 100 
107 101 162 160 161 
108 162 130 148 160 
109 160 148 128 163 
110 161 160 163 129 
111 119 165 164 142 
112 165 136 166 164 
113 164 166 125 144 
114 139 169 167 168 
115 169 142 170 167 
116 167 170 73 149 
117 168 167 149 130 
118 130 173 171 172 
119 173 149 174 171 
120 171 174 147 175 
121 172 171 175 148 
122 113 178 176 177 
123 178 96 117 176 
124 177 176 154 90 
125 154 181 179 180 
126 179 157 100 182 
127 180 179 182 152 
128 117 185 183 184 
129 185 116 140 183 
130 186 189 156 190 
131 187 186 190 157 
132 176 193 191 192 
133 193 117 184 191 
134 192 191 181 154 
135 184 196 194 195 
136 196 183 197 194 
137 194 197 158 188 
138 195 194 188 57 
139 158 199 198 189 
140 199 101 161 198 
141 198 161 129 200 
142 189 198 200 156 
143 188 203 201 202 
144 203 158 204 201 
145 201 204 189 205 
146 202 201 205 186 
147 181 208 206 207 
148 206 187 157 209 
149 207 206 209 179 
150 191 212 210 211 
151 212 184 195 210 
152 210 195 57 208 
153 211 210 208 181 
154 208 215 213 214 
155 215 57 216 213 
156 213 216 187 217 
157 214 213 217 206 
158 219 144 220 218 
159 218 220 143 221 
160 150 218 221 131 
161 142 223 222 170 
162 223 164 224 222 
163 222 224 144 219 
164 170 222 219 73 
165 73 227 225 226 
166 227 219 228 225 
167 225 228 218 229 
168 226 225 229 150 
169 140 232 230 231 
170 232 139 168 230 
171 230 168 130 162 
172 231 230 162 101 
173 149 234 233 174 
174 234 73 226 233 
175 233 226 150 235 
176 174 233 235 147 
177 183 237 236 197 
178 237 140 231 236 
179 236 231 101 199 
180 197 236 199 158 
181 57 239 238 216 
182 239 188 202 238 
183 238 202 186 240 
184 216 238 240 187 
