2 0.000000 100.000000 5791.461216
240 184 
1 -5.000000 0.000000 -5.000000 98.764299 0.000000 15.644702 0.000086 
2 5.700000 0.000000 -5.000000 98.766954 0.000002 15.618691 0.000115 
3 5.700000 0.000000 5.000000 98.780232 0.000002 15.596701 -0.000079 
4 -5.000000 0.000000 5.000000 98.774644 -0.000000 15.644224 -0.000117 
5 0.350000 0.000000 0.000000 98.508577 -0.000026 10.073358 0.019459 
6 -5.000000 0.000000 0.000000 98.769837 0.000000 15.650344 -0.000041 
7 0.350000 0.000000 -5.000000 98.755237 0.000001 15.628842 0.000314 
8 5.700000 0.000000 0.000000 98.928094 0.000053 14.623553 -0.000062 
9 0.350000 0.000000 5.000000 98.787320 0.000001 15.624323 -0.000305 
10 -2.325000 0.000000 2.500000 98.792440 0.000001 15.645538 -0.000473 
11 -5.000000 0.000000 2.500000 98.774702 0.000000 15.647462 -0.000128 
12 -2.325000 0.000000 0.000000 98.772623 0.000001 15.670584 -0.000160 
13 0.350000 0.000000 2.500000 98.840687 0.000002 15.568197 -0.001185 
14 -2.325000 0.000000 5.000000 98.781196 0.000000 15.639677 -0.000232 
15 -2.325000 0.000000 -2.500000 98.750238 0.000001 15.647334 0.000355 
16 -5.000000 0.000000 -2.500000 98.764723 0.000000 15.647829 0.000067 
17 -2.325000 0.000000 -5.000000 98.758994 0.000001 15.641092 0.000202 
18 0.350000 0.000000 -2.500000 98.714842 0.000004 15.583534 0.001253 
19 3.025000 0.000000 2.500000 98.814119 0.000009 15.453775 -0.000305 
20 3.025000 0.000000 0.000000 99.131915 0.000018 13.291190 -0.000379 
21 5.700000 0.000000 2.500000 98.814602 0.000010 15.372848 -0.000065 
22 3.025000 0.000000 5.000000 98.784155 0.000001 15.606778 -0.000188 
23 -0.987500 0.000000 1.250000 98.864416 0.000003 15.653534 -0.001921 
24 -2.325000 0.000000 1.250000 98.792836 0.000001 15.658797 -0.000522 
25 -0.987500 0.000000 0.000000 98.780446 0.000003 15.764310 -0.000609 
26 0.350000 0.000000 1.250000 99.033469 0.000007 15.355057 -0.004341 
27 -0.987500 0.000000 2.500000 98.818522 0.000002 15.626074 -0.000927 
28 3.025000 0.000000 -2.500000 98.762575 0.000006 15.538572 0.000451 
29 3.025000 0.000000 -5.000000 98.761164 0.000002 15.618527 0.000229 
30 5.700000 0.000000 -2.500000 98.774967 0.000006 15.564855 0.000124 
31 -0.987500 0.000000 -1.250000 98.689710 0.000002 15.658928 0.001514 
32 -2.325000 0.000000 -1.250000 98.751510 0.000001 15.660120 0.000290 
33 -0.987500 0.000000 -2.500000 98.728913 0.000002 15.631240 0.000827 
34 0.350000 0.000000 -1.250000 98.563074 0.000007 15.397924 0.004822 
35 1.687500 0.000000 1.250000 98.924241 0.000013 15.008647 -0.001127 
36 1.687500 0.000000 0.000000 99.245245 -0.000095 12.386344 -0.000304 
37 3.025000 0.000000 1.250000 98.915364 0.000009 14.785211 -0.000285 
38 1.687500 0.000000 2.500000 98.827415 0.000003 15.502735 -0.000719 
39 -0.318750 0.000000 0.625000 99.163988 0.000005 15.666140 -0.007892 
40 -0.987500 0.000000 0.625000 98.868464 0.000003 15.709876 -0.002177 
41 -0.318750 0.000000 0.000000 98.798111 0.000006 16.285198 -0.002627 
42 0.350000 0.000000 0.625000 99.590756 0.000006 14.699698 -0.013440 
43 -0.318750 0.000000 1.250000 98.963494 0.000004 15.575865 -0.003638 
44 1.687500 0.000000 -1.250000 98.743495 0.000014 15.247170 0.001725 
45 1.687500 0.000000 -2.500000 98.738785 0.000005 15.544469 0.000902 
46 3.025000 0.000000 -1.250000 98.792385 0.000019 15.337801 0.000482 
47 -0.318750 0.000000 -0.625000 98.421274 0.000006 15.679141 0.006742 
48 -0.987500 0.000000 -0.625000 98.690376 0.000003 15.713633 0.001329 
49 -0.318750 0.000000 -1.250000 98.605069 0.000004 15.590292 0.003398 
50 0.350000 0.000000 -0.625000 98.084455 0.000014 14.770916 0.016126 
51 1.018750 0.000000 0.625000 99.188441 -0.000016 14.060873 -0.003606 
52 1.018750 0.000000 0.000000 99.157996 -0.000124 12.166808 0.001966 
53 1.687500 0.000000 0.625000 99.123442 -0.000046 13.623193 -0.001105 
54 1.018750 0.000000 1.250000 98.978373 0.000010 15.136795 -0.002584 
55 0.015625 0.000000 0.312500 100.499150 0.000007 15.377685 -0.033655 
56 -0.318750 0.000000 0.312500 99.232548 0.000006 15.919675 -0.010053 
57 0.015625 0.000000 0.000000 98.824652 0.000009 0.000022 0.023369 
58 0.350000 0.000000 0.312500 100.616824 0.000001 13.110245 -0.029562 
59 0.015625 0.000000 0.625000 99.486789 0.000007 15.345557 -0.013311 
60 1.018750 0.000000 -0.625000 98.657222 0.000028 14.365674 0.006038 
61 1.018750 0.000000 -1.250000 98.657185 0.000011 15.253288 0.003410 
62 1.687500 0.000000 -0.625000 98.843603 0.000037 14.570144 0.001765 
63 0.015625 0.000000 -0.312500 97.138931 0.000010 15.396835 0.032697 
64 -0.318750 0.000000 -0.312500 98.360496 0.000006 15.927611 0.007152 
65 0.015625 0.000000 -0.625000 98.129858 0.000009 15.374282 0.013416 
66 0.350000 0.000000 -0.312500 97.111579 0.000019 13.154251 0.039631 
67 0.684375 0.000000 0.312500 99.597729 -0.000028 12.725129 -0.008164 
68 0.684375 0.000000 0.000000 98.910629 -0.000060 11.952444 0.007383 
69 1.018750 0.000000 0.312500 99.307380 -0.000098 12.740865 -0.002429 
70 0.684375 0.000000 0.625000 99.369599 -0.000002 14.269886 -0.007795 
71 0.182813 0.000000 0.156250 102.873031 0.000006 11.908751 -0.072468 
72 0.015625 0.000000 0.156250 101.891968 0.000008 15.725560 -0.062927 
73 0.182813 0.000000 0.000000 98.776030 0.000010 -0.000049 0.024330 
74 0.350000 0.000000 0.156250 101.042539 0.000004 10.819477 -0.032666 
75 0.182813 0.000000 0.312500 100.929282 0.000005 14.165087 -0.038737 
76 -3.662500 0.000000 1.250000 98.777572 0.000001 15.652581 -0.000201 
77 -5.000000 0.000000 1.250000 98.772918 0.000000 15.649411 -0.000099 
78 -3.662500 0.000000 0.000000 98.770633 0.000001 15.655316 -0.000073 
79 -3.662500 0.000000 2.500000 98.779991 0.000000 15.648267 -0.000235 
80 -1.656250 0.000000 0.625000 98.804144 0.000002 15.683702 -0.000824 
81 -2.325000 0.000000 0.625000 98.785511 0.000001 15.666707 -0.000402 
82 -1.656250 0.000000 0.000000 98.774673 0.000002 15.695509 -0.000278 
83 -1.656250 0.000000 1.250000 98.814640 0.000002 15.661145 -0.000960 
84 -0.653125 0.000000 0.312500 98.922449 0.000004 15.814073 -0.003574 
85 -0.987500 0.000000 0.312500 98.837562 0.000003 15.746586 -0.001682 
86 -0.653125 0.000000 0.000000 98.786421 0.000004 15.872635 -0.001070 
87 -0.653125 0.000000 0.625000 98.960636 0.000004 15.719661 -0.004032 
88 -0.151562 0.000000 0.156250 99.760419 0.000007 16.488006 -0.022400 
89 -0.318750 0.000000 0.156250 99.124036 0.000006 16.159007 -0.008669 
90 -0.151562 0.000000 0.000000 98.808208 0.000007 17.137676 -0.005676 
91 -0.151562 0.000000 0.312500 99.708452 0.000007 15.897466 -0.019450 
92 0.684375 0.000000 -0.312500 98.338023 0.000026 12.886195 0.016358 
93 0.684375 0.000000 -0.625000 98.381489 0.000022 14.437814 0.011263 
94 1.018750 0.000000 -0.312500 98.825217 0.000022 13.195907 0.005944 
95 0.182813 0.000000 -0.156250 94.795343 0.000013 11.913069 0.087192 
96 0.015625 0.000000 -0.156250 95.751745 0.000010 15.735208 0.058401 
97 0.182813 0.000000 -0.312500 96.740044 0.000013 14.193061 0.043992 
98 0.350000 0.000000 -0.156250 96.662913 0.000018 10.751355 0.054069 
99 0.099219 0.000000 0.078125 105.884315 0.000009 11.319262 -0.133961 
100 0.015625 0.000000 0.078125 103.904000 0.000008 16.416092 -0.106553 
101 0.099219 0.000000 0.000000 98.824498 0.000009 -0.000013 0.023372 
102 0.182813 0.000000 0.078125 104.186953 0.000008 8.329455 -0.092430 
103 0.099219 0.000000 0.156250 102.935988 0.000007 13.887989 -0.078869 
104 -3.662500 0.000000 -1.250000 98.763487 0.000001 15.653056 0.000076 
105 -5.000000 0.000000 -1.250000 98.766687 0.000000 15.649620 0.000023 
106 -3.662500 0.000000 -2.500000 98.760439 0.000001 15.649000 0.000148 
107 -1.656250 0.000000 -0.625000 98.744628 0.000002 15.685145 0.000347 
108 -2.325000 0.000000 -0.625000 98.759502 0.000001 15.667457 0.000109 
109 -1.656250 0.000000 -1.250000 98.733348 0.000002 15.663705 0.000637 
110 -0.653125 0.000000 -0.312500 98.649181 0.000004 15.817868 0.001813 
111 -0.987500 0.000000 -0.312500 98.722777 0.000003 15.748644 0.000579 
112 -0.653125 0.000000 -0.625000 98.607822 0.000004 15.726314 0.002918 
113 -0.151562 0.000000 -0.156250 97.854679 0.000008 16.494444 0.015240 
114 -0.318750 0.000000 -0.156250 98.471362 0.000006 16.163191 0.004214 
115 -0.151562 0.000000 -0.312500 97.902759 0.000008 15.909615 0.016193 
116 0.099219 0.000000 -0.078125 91.766063 0.000009 11.322540 0.145079 
117 0.015625 0.000000 -0.078125 93.740523 0.000009 16.420759 0.094307 
118 0.099219 0.000000 -0.156250 94.716763 0.000011 13.897379 0.083560 
119 0.182813 0.000000 -0.078125 93.460327 0.000012 8.318155 0.119598 
120 0.517188 0.000000 0.156250 99.901448 0.000001 11.440141 -0.011118 
121 0.517188 0.000000 0.000000 98.718478 -0.000049 11.534999 0.012161 
122 0.684375 0.000000 0.156250 99.412538 -0.000003 12.168570 -0.003093 
123 0.517188 0.000000 0.312500 100.031940 -0.000009 12.726923 -0.016836 
124 0.266406 0.000000 0.078125 101.818629 0.000008 8.299806 -0.043592 
125 0.266406 0.000000 0.000000 98.477109 0.000018 7.629118 0.024406 
126 0.350000 0.000000 0.078125 100.413652 0.000015 9.616890 -0.017539 
127 0.266406 0.000000 0.156250 101.982888 0.000005 10.926281 -0.051989 
128 0.141016 0.000000 0.039062 106.533789 0.000010 5.463235 -0.137930 
129 0.099219 0.000000 0.039062 108.218732 0.000011 7.126123 -0.176208 
130 0.141016 0.000000 0.000000 98.817179 0.000010 -0.000028 0.023517 
131 0.182813 0.000000 0.039062 104.532307 0.000007 4.812383 -0.095016 
132 0.141016 0.000000 0.078125 105.277250 0.000008 9.423362 -0.117210 
133 0.517188 0.000000 -0.156250 97.906022 0.000020 11.219602 0.028853 
134 0.517188 0.000000 -0.312500 97.787819 0.000024 12.807254 0.027352 
135 0.684375 0.000000 -0.156250 98.541049 0.000013 11.762824 0.015130 
136 0.266406 0.000000 -0.078125 95.777899 0.000013 8.178172 0.075971 
137 0.266406 0.000000 -0.156250 95.700056 0.000015 10.908124 0.072251 
138 0.350000 0.000000 -0.078125 97.140484 0.000013 9.211933 0.047887 
139 0.141016 0.000000 -0.039062 91.113685 0.000009 5.461714 0.166847 
140 0.099219 0.000000 -0.039062 89.430130 0.000007 7.127411 0.195145 
141 0.141016 0.000000 -0.078125 92.375707 0.000010 9.423213 0.137793 
142 0.182813 0.000000 -0.039062 93.092758 0.000013 4.797793 0.131072 
143 0.224609 0.000000 0.039062 102.249375 0.000005 5.575115 -0.048602 
144 0.224609 0.000000 0.000000 98.742875 0.000011 -0.000011 0.024984 
145 0.266406 0.000000 0.039062 100.748445 0.000009 7.304753 -0.020361 
146 0.224609 0.000000 0.078125 102.914077 0.000007 8.039428 -0.065594 
147 0.161914 0.000000 0.019531 98.810410 0.000010 -0.000034 0.023650 
148 0.141016 0.000000 0.019531 106.920152 0.000011 2.785839 -0.143968 
149 0.161914 0.000000 0.000000 98.807951 0.000010 -0.000040 0.023699 
150 0.182813 0.000000 0.019531 98.795329 0.000010 -0.000063 0.023948 
151 0.161914 0.000000 0.039062 105.588705 0.000009 5.033944 -0.117432 
152 -0.067969 0.000000 0.078125 100.468147 0.000008 17.407415 -0.039687 
153 -0.151562 0.000000 0.078125 99.461689 0.000007 16.895202 -0.017808 
154 -0.067969 0.000000 0.000000 98.814833 0.000008 18.498628 -0.010657 
155 -0.067969 0.000000 0.156250 100.608735 0.000007 16.487673 -0.039396 
156 0.057422 0.000000 0.039062 109.198790 0.000010 10.733431 -0.203958 
157 0.015625 0.000000 0.039062 106.952500 0.000009 16.927157 -0.172537 
158 0.057422 0.000000 0.000000 98.826917 0.000010 0.000004 0.023324 
159 0.057422 0.000000 0.078125 105.533414 0.000008 13.954715 -0.133204 
160 0.120117 0.000000 0.019531 108.042691 0.000012 3.104440 -0.168286 
161 0.099219 0.000000 0.019531 109.207908 0.000012 3.584981 -0.193922 
162 0.120117 0.000000 0.000000 98.821875 0.000009 -0.000023 0.023424 
163 0.120117 0.000000 0.039062 107.410139 0.000011 6.130994 -0.157453 
164 0.224609 0.000000 -0.039062 95.289178 0.000015 5.478407 0.088996 
165 0.224609 0.000000 -0.078125 94.713109 0.000013 7.994520 0.096551 
166 0.266406 0.000000 -0.039062 96.663798 0.000013 6.934518 0.060802 
167 0.161914 0.000000 -0.019531 98.810410 0.000010 -0.000034 0.023650 
168 0.141016 0.000000 -0.019531 90.725315 0.000008 2.784803 0.176116 
169 0.161914 0.000000 -0.039062 92.052080 0.000010 5.028490 0.150113 
170 0.182813 0.000000 -0.019531 98.795329 0.000010 -0.000063 0.023948 
171 0.151465 0.000000 0.009766 98.814232 0.000010 -0.000031 0.023575 
172 0.141016 0.000000 0.009766 98.817179 0.000010 -0.000028 0.023517 
173 0.151465 0.000000 0.000000 98.814232 0.000010 -0.000031 0.023575 
174 0.161914 0.000000 0.009766 98.807951 0.000010 -0.000040 0.023699 
175 0.151465 0.000000 0.019531 106.362110 0.000010 2.625571 -0.131979 
176 -0.067969 0.000000 -0.078125 97.161162 0.000008 17.411429 0.025655 
177 -0.151562 0.000000 -0.078125 98.154399 0.000008 16.898462 0.008016 
178 -0.067969 0.000000 -0.156250 97.019439 0.000009 16.495664 0.031512 
179 -0.026172 0.000000 0.039062 101.790451 0.000008 19.056730 -0.072445 
180 -0.067969 0.000000 0.039062 99.948908 0.000008 18.103556 -0.031752 
181 -0.026172 0.000000 0.000000 98.818519 0.000008 21.270835 -0.021755 
182 -0.026172 0.000000 0.078125 101.818671 0.000008 17.468568 -0.067219 
183 0.057422 0.000000 -0.039062 88.445288 0.000007 10.735434 0.206218 
184 0.015625 0.000000 -0.039062 90.692122 0.000009 16.929457 0.148833 
185 0.057422 0.000000 -0.078125 92.111003 0.000009 13.958935 0.132071 
186 0.036523 0.000000 0.019531 98.827739 0.000010 0.000010 0.023308 
187 0.015625 0.000000 0.019531 98.822995 0.000009 0.000027 0.023402 
188 0.036523 0.000000 0.000000 98.825778 0.000009 0.000017 0.023347 
189 0.057422 0.000000 0.019531 98.826426 0.000010 0.000003 0.023334 
190 0.036523 0.000000 0.039062 108.755289 0.000010 13.661913 -0.201436 
191 -0.026172 0.000000 -0.039062 95.846514 0.000009 19.058915 0.045020 
192 -0.067969 0.000000 -0.039062 97.680670 0.000008 18.105564 0.013068 
193 -0.026172 0.000000 -0.078125 95.818061 0.000009 17.472957 0.051359 
194 0.036523 0.000000 -0.019531 98.827739 0.000010 0.000010 0.023308 
195 0.015625 0.000000 -0.019531 98.822995 0.000009 0.000027 0.023402 
196 0.036523 0.000000 -0.039062 88.893110 0.000008 13.664211 0.191130 
197 0.057422 0.000000 -0.019531 98.826426 0.000010 0.000003 0.023334 
198 0.078320 0.000000 0.019531 98.824498 0.000009 -0.000005 0.023372 
199 0.078320 0.000000 0.000000 98.825286 0.000009 -0.000001 0.023356 
200 0.078320 0.000000 0.039062 108.881938 0.000011 8.587723 -0.192903 
201 0.046973 0.000000 0.009766 98.827858 0.000010 0.000005 0.023305 
202 0.036523 0.000000 0.009766 98.825778 0.000009 0.000017 0.023347 
203 0.046973 0.000000 0.000000 98.827349 0.000010 0.000004 0.023316 
204 0.057422 0.000000 0.009766 98.826917 0.000010 0.000004 0.023324 
205 0.046973 0.000000 0.019531 98.828389 0.000010 0.000006 0.023295 
206 -0.005273 0.000000 0.019531 98.821974 0.000009 0.000027 0.023422 
207 -0.026172 0.000000 0.019531 101.016960 0.000008 20.361581 -0.061902 
208 -0.005273 0.000000 0.000000 98.822076 0.000009 0.000031 0.023420 
209 -0.005273 0.000000 0.039062 104.070760 0.000009 18.898400 -0.118787 
210 -0.005273 0.000000 -0.019531 98.821974 0.000009 0.000027 0.023422 
211 -0.026172 0.000000 -0.019531 96.620060 0.000009 20.362672 0.024993 
212 -0.005273 0.000000 -0.039062 93.570024 0.000009 18.900656 0.088742 
213 0.005176 0.000000 0.009766 98.822995 0.000009 0.000027 0.023402 
214 -0.005273 0.000000 0.009766 98.822076 0.000009 0.000031 0.023420 
215 0.005176 0.000000 0.000000 98.822757 0.000009 0.000031 0.023406 
216 0.015625 0.000000 0.009766 98.824212 0.000009 0.000023 0.023378 
217 0.005176 0.000000 0.019531 98.822076 0.000009 0.000031 0.023420 
218 0.203711 0.000000 0.019531 98.753794 0.000011 -0.000023 0.024769 
219 0.203711 0.000000 0.000000 98.762867 0.000011 -0.000035 0.024590 
220 0.224609 0.000000 0.019531 98.729386 0.000011 -0.000006 0.025251 
221 0.203711 0.000000 0.039062 103.355365 0.000005 4.999682 -0.070733 
222 0.203711 0.000000 -0.019531 98.753794 0.000011 -0.000023 0.024769 
223 0.203711 0.000000 -0.039062 94.237410 0.000014 4.961593 0.109469 
224 0.224609 0.000000 -0.019531 98.729386 0.000011 -0.000006 0.025251 
225 0.193262 0.000000 0.009766 98.770408 0.000011 -0.000039 0.024441 
226 0.182813 0.000000 0.009766 98.780664 0.000010 -0.000048 0.024238 
227 0.193262 0.000000 0.000000 98.771901 0.000011 -0.000042 0.024411 
228 0.203711 0.000000 0.009766 98.762867 0.000011 -0.000035 0.024590 
229 0.193262 0.000000 0.019531 98.762867 0.000011 -0.000035 0.024590 
230 0.120117 0.000000 -0.019531 89.605782 0.000006 3.104497 0.196117 
231 0.099219 0.000000 -0.019531 88.440465 0.000006 3.585570 0.216543 
232 0.120117 0.000000 -0.039062 90.239303 0.000008 6.131340 0.181927 
233 0.172363 0.000000 0.009766 98.801695 0.000010 -0.000050 0.023822 
234 0.172363 0.000000 0.000000 98.800443 0.000010 -0.000054 0.023847 
235 0.172363 0.000000 0.019531 98.800574 0.000010 -0.000055 0.023845 
236 0.078320 0.000000 -0.019531 98.824498 0.000009 -0.000005 0.023372 
237 0.078320 0.000000 -0.039062 88.764929 0.000007 8.589492 0.204701 
238 0.026074 0.000000 0.009766 98.825527 0.000009 0.000018 0.023352 
239 0.026074 0.000000 0.000000 98.825950 0.000009 0.000017 0.023343 
240 0.026074 0.000000 0.019531 98.824212 0.000009 0.000023 0.023378 
1 10 13 9 14 
2 11 10 14 4 
3 1 17 15 16 
4 17 7 18 15 
5 20 8 21 19 
6 19 21 3 22 
7 13 19 22 9 
8 23 26 13 27 
9 24 23 27 10 
10 7 29 28 18 
11 29 2 30 28 
12 28 30 8 20 
13 15 33 31 32 
14 33 18 34 31 
15 36 20 37 35 
16 35 37 19 38 
17 26 35 38 13 
18 39 42 26 43 
19 40 39 43 23 
20 18 45 44 34 
21 45 28 46 44 
22 44 46 20 36 
23 31 49 47 48 
24 49 34 50 47 
25 52 36 53 51 
26 51 53 35 54 
27 42 51 54 26 
28 55 58 42 59 
29 56 55 59 39 
30 34 61 60 50 
31 61 44 62 60 
32 60 62 36 52 
33 47 65 63 64 
34 65 50 66 63 
35 68 52 69 67 
36 67 69 51 70 
37 58 67 70 42 
38 71 74 58 75 
39 72 71 75 55 
40 6 78 76 77 
41 78 12 24 76 
42 76 24 10 79 
43 77 76 79 11 
44 12 82 80 81 
45 82 25 40 80 
46 80 40 23 83 
47 81 80 83 24 
48 25 86 84 85 
49 86 41 56 84 
50 84 56 39 87 
51 85 84 87 40 
52 41 90 88 89 
53 88 72 55 91 
54 89 88 91 56 
55 50 93 92 66 
56 93 60 94 92 
57 92 94 52 68 
58 63 97 95 96 
59 97 66 98 95 
60 99 102 71 103 
61 100 99 103 72 
62 16 106 104 105 
63 106 15 32 104 
64 104 32 12 78 
65 105 104 78 6 
66 32 109 107 108 
67 109 31 48 107 
68 107 48 25 82 
69 108 107 82 12 
70 48 112 110 111 
71 112 47 64 110 
72 110 64 41 86 
73 111 110 86 25 
74 64 115 113 114 
75 115 63 96 113 
76 114 113 90 41 
77 96 118 116 117 
78 118 95 119 116 
79 5 121 120 74 
80 121 68 122 120 
81 120 122 67 123 
82 74 120 123 58 
83 125 5 126 124 
84 124 126 74 127 
85 102 124 127 71 
86 128 131 102 132 
87 129 128 132 99 
88 66 134 133 98 
89 134 92 135 133 
90 133 135 68 121 
91 98 133 121 5 
92 95 137 136 119 
93 137 98 138 136 
94 136 138 5 125 
95 116 141 139 140 
96 141 119 142 139 
97 144 125 145 143 
98 143 145 124 146 
99 131 143 146 102 
100 147 150 131 151 
101 148 147 151 128 
102 90 154 152 153 
103 152 100 72 155 
104 153 152 155 88 
105 156 129 99 159 
106 157 156 159 100 
107 101 162 160 161 
108 162 130 148 160 
109 160 148 128 163 
110 161 160 163 129 
111 119 165 164 142 
112 165 136 166 164 
113 164 166 125 144 
114 139 169 167 168 
115 169 142 170 167 
116 167 170 73 149 
117 168 167 149 130 
118 130 173 171 172 
119 173 149 174 171 
120 171 174 147 175 
121 172 171 175 148 
122 113 178 176 177 
123 178 96 117 176 
124 177 176 154 90 
125 154 181 179 180 
126 179 157 100 182 
127 180 179 182 152 
128 117 185 183 184 
129 185 116 140 183 
130 186 189 156 190 
131 187 186 190 157 
132 176 193 191 192 
133 193 117 184 191 
134 192 191 181 154 
135 184 196 194 195 
136 196 183 197 194 
137 194 197 158 188 
138 195 194 188 57 
139 158 199 198 189 
140 199 101 161 198 
141 198 161 129 200 
142 189 198 200 156 
143 188 203 201 202 
144 203 158 204 201 
145 201 204 189 205 
146 202 201 205 186 
147 181 208 206 207 
148 206 187 157 209 
149 207 206 209 179 
150 191 212 210 211 
151 212 184 195 210 
152 210 195 57 208 
153 211 210 208 181 
154 208 215 213 214 
155 215 57 216 213 
156 213 216 187 217 
157 214 213 217 206 
158 219 144 220 218 
159 218 220 143 221 
160 150 218 221 131 
161 142 223 222 170 
162 223 164 224 222 
163 222 224 144 219 
164 170 222 219 73 
165 73 227 225 226 
166 227 219 228 225 
167 225 228 218 229 
168 226 225 229 150 
169 140 232 230 231 
170 232 139 168 230 
171 230 168 130 162 
172 231 230 162 101 
173 149 234 233 174 
174 234 73 226 233 
175 233 226 150 235 
176 174 233 235 147 
177 183 237 236 197 
178 237 140 231 236 
179 236 231 101 199 
180 197 236 199 158 
181 57 239 238 216 
182 239 188 202 238 
183 238 202 186 240 
184 216 238 240 187 
