2 0.000000 100.000000 5791.461216
240 184 
1 -5.000000 0.000000 -5.000000 98.475809 0.000000 17.366244 0.000093 
2 5.700000 0.000000 -5.000000 98.478933 0.000002 17.338094 0.000129 
3 5.700000 0.000000 5.000000 98.494672 0.000003 17.310515 -0.000085 
4 -5.000000 0.000000 5.000000 98.487316 -0.000000 17.365655 -0.000132 
5 0.350000 0.000000 0.000000 98.181566 -0.000020 11.049512 0.023829 
6 -5.000000 0.000000 0.000000 98.482013 0.000000 17.372486 -0.000051 
7 0.350000 0.000000 -5.000000 98.465898 0.000001 17.348844 0.000348 
8 5.700000 0.000000 0.000000 98.648069 0.000061 16.400092 -0.000040 
9 0.350000 0.000000 5.000000 98.501710 0.000001 17.343260 -0.000338 
10 -2.325000 0.000000 2.500000 98.507334 0.000001 17.367044 -0.000531 
11 -5.000000 0.000000 2.500000 98.487407 0.000000 17.369261 -0.000146 
12 -2.325000 0.000000 0.000000 98.485452 0.000002 17.394983 -0.000197 
13 0.350000 0.000000 2.500000 98.562020 0.000003 17.280198 -0.001308 
14 -2.325000 0.000000 5.000000 98.494689 0.000000 17.360545 -0.000259 
15 -2.325000 0.000000 -2.500000 98.460404 0.000001 17.369259 0.000386 
16 -5.000000 0.000000 -2.500000 98.476312 0.000000 17.369714 0.000071 
17 -2.325000 0.000000 -5.000000 98.469979 0.000001 17.362291 0.000221 
18 0.350000 0.000000 -2.500000 98.421649 0.000004 17.299141 0.001392 
19 3.025000 0.000000 2.500000 98.535915 0.000012 17.145384 -0.000329 
20 3.025000 0.000000 0.000000 98.891185 0.000039 14.970795 -0.000359 
21 5.700000 0.000000 2.500000 98.542460 0.000014 17.032088 -0.000071 
22 3.025000 0.000000 5.000000 98.498566 0.000001 17.323080 -0.000206 
23 -0.987500 0.000000 1.250000 98.588033 0.000004 17.375744 -0.002152 
24 -2.325000 0.000000 1.250000 98.507867 0.000002 17.381808 -0.000593 
25 -0.987500 0.000000 0.000000 98.495106 0.000004 17.499127 -0.000751 
26 0.350000 0.000000 1.250000 98.779227 0.000008 17.041818 -0.004776 
27 -0.987500 0.000000 2.500000 98.536664 0.000002 17.345215 -0.001033 
28 3.025000 0.000000 -2.500000 98.474891 0.000007 17.251445 0.000508 
29 3.025000 0.000000 -5.000000 98.472531 0.000002 17.337666 0.000257 
30 5.700000 0.000000 -2.500000 98.488215 0.000007 17.281641 0.000142 
31 -0.987500 0.000000 -1.250000 98.393840 0.000002 17.382393 0.001650 
32 -2.325000 0.000000 -1.250000 98.461929 0.000002 17.383438 0.000306 
33 -0.987500 0.000000 -2.500000 98.436957 0.000002 17.351588 0.000909 
34 0.350000 0.000000 -1.250000 98.255158 0.000009 17.094718 0.005369 
35 1.687500 0.000000 1.250000 98.667791 0.000015 16.637959 -0.001215 
36 1.687500 0.000000 0.000000 99.058086 -0.000097 13.813687 -0.000332 
37 3.025000 0.000000 1.250000 98.672945 0.000008 16.336628 -0.000324 
38 1.687500 0.000000 2.500000 98.548637 0.000005 17.205151 -0.000785 
39 -0.318750 0.000000 0.625000 98.922720 0.000007 17.389421 -0.008810 
40 -0.987500 0.000000 0.625000 98.592782 0.000004 17.438442 -0.002464 
41 -0.318750 0.000000 0.000000 98.516906 0.000008 18.077625 -0.003238 
42 0.350000 0.000000 0.625000 99.403412 0.000008 16.312937 -0.014715 
43 -0.318750 0.000000 1.250000 98.699134 0.000005 17.288960 -0.004043 
44 1.687500 0.000000 -1.250000 98.456701 0.000018 16.934579 0.001950 
45 1.687500 0.000000 -2.500000 98.449462 0.000007 17.251097 0.001010 
46 3.025000 0.000000 -1.250000 98.509581 0.000023 17.039810 0.000551 
47 -0.318750 0.000000 -0.625000 98.097587 0.000007 17.405442 0.007391 
48 -0.987500 0.000000 -0.625000 98.394903 0.000003 17.443072 0.001418 
49 -0.318750 0.000000 -1.250000 98.300585 0.000005 17.306748 0.003747 
50 0.350000 0.000000 -0.625000 97.728058 0.000017 16.400715 0.018024 
51 1.018750 0.000000 0.625000 98.973689 -0.000023 15.582253 -0.003860 
52 1.018750 0.000000 0.000000 98.972846 -0.000146 13.440867 0.002372 
53 1.687500 0.000000 0.625000 98.925446 -0.000068 15.039855 -0.001244 
54 1.018750 0.000000 1.250000 98.722355 0.000012 16.793318 -0.002812 
55 0.015625 0.000000 0.312500 100.408469 0.000009 17.069149 -0.037322 
56 -0.318750 0.000000 0.312500 98.999204 0.000007 17.671297 -0.011312 
57 0.015625 0.000000 0.000000 98.549649 0.000011 0.000023 0.028797 
58 0.350000 0.000000 0.312500 100.545228 0.000002 14.551053 -0.032108 
59 0.015625 0.000000 0.625000 99.283401 0.000008 17.032613 -0.014730 
60 1.018750 0.000000 -0.625000 98.369604 0.000035 15.965828 0.006851 
61 1.018750 0.000000 -1.250000 98.360765 0.000014 16.937416 0.003828 
62 1.687500 0.000000 -0.625000 98.574737 0.000046 16.210232 0.002025 
63 0.015625 0.000000 -0.312500 96.677012 0.000012 17.092739 0.036139 
64 -0.318750 0.000000 -0.312500 98.030693 0.000007 17.681075 0.007736 
65 0.015625 0.000000 -0.625000 97.775673 0.000011 17.068015 0.014860 
66 0.350000 0.000000 -0.312500 96.651602 0.000022 14.605103 0.044516 
67 0.684375 0.000000 0.312500 99.428266 -0.000033 14.121878 -0.008541 
68 0.684375 0.000000 0.000000 98.677019 -0.000069 13.146168 0.009002 
69 1.018750 0.000000 0.312500 99.121012 -0.000121 14.141498 -0.002496 
70 0.684375 0.000000 0.625000 99.164811 -0.000003 15.829109 -0.008422 
71 0.182813 0.000000 0.156250 103.045703 0.000008 13.219391 -0.079317 
72 0.015625 0.000000 0.156250 101.954858 0.000010 17.456106 -0.069951 
73 0.182813 0.000000 0.000000 98.489506 0.000014 -0.000042 0.029982 
74 0.350000 0.000000 0.156250 101.013824 0.000006 12.017233 -0.034821 
75 0.182813 0.000000 0.312500 100.888171 0.000007 15.722562 -0.042562 
76 -3.662500 0.000000 1.250000 98.490697 0.000001 17.374946 -0.000231 
77 -5.000000 0.000000 1.250000 98.485434 0.000000 17.371436 -0.000115 
78 -3.662500 0.000000 0.000000 98.482996 0.000001 17.378013 -0.000090 
79 -3.662500 0.000000 2.500000 98.493350 0.000000 17.370136 -0.000266 
80 -1.656250 0.000000 0.625000 98.520697 0.000002 17.409477 -0.000942 
81 -2.325000 0.000000 0.625000 98.499762 0.000002 17.390631 -0.000464 
82 -1.656250 0.000000 0.000000 98.487981 0.000002 17.422680 -0.000343 
83 -1.656250 0.000000 1.250000 98.532328 0.000002 17.384350 -0.001084 
84 -0.653125 0.000000 0.312500 98.653507 0.000005 17.554196 -0.004066 
85 -0.987500 0.000000 0.312500 98.558529 0.000004 17.479318 -0.001931 
86 -0.653125 0.000000 0.000000 98.502480 0.000005 17.619457 -0.001318 
87 -0.653125 0.000000 0.625000 98.695773 0.000005 17.449169 -0.004533 
88 -0.151562 0.000000 0.156250 99.586574 0.000009 18.302511 -0.025247 
89 -0.318750 0.000000 0.156250 98.878792 0.000007 17.937262 -0.009876 
90 -0.151562 0.000000 0.000000 98.529365 0.000009 19.024173 -0.006995 
91 -0.151562 0.000000 0.312500 99.528779 0.000008 17.646483 -0.021738 
92 0.684375 0.000000 -0.312500 98.023417 0.000031 14.317465 0.018642 
93 0.684375 0.000000 -0.625000 98.060707 0.000027 16.036123 0.012694 
94 1.018750 0.000000 -0.312500 98.569764 0.000029 14.682734 0.006842 
95 0.182813 0.000000 -0.156250 94.077055 0.000015 13.224654 0.097462 
96 0.015625 0.000000 -0.156250 95.137551 0.000012 17.467988 0.064372 
97 0.182813 0.000000 -0.312500 96.235851 0.000016 15.757001 0.049038 
98 0.350000 0.000000 -0.156250 96.153812 0.000020 11.932242 0.061207 
99 0.099219 0.000000 0.078125 106.387395 0.000010 12.565189 -0.147616 
100 0.015625 0.000000 0.078125 104.188378 0.000010 18.223130 -0.118730 
101 0.099219 0.000000 0.000000 98.549447 0.000011 -0.000013 0.028801 
102 0.182813 0.000000 0.078125 104.502944 0.000009 9.246989 -0.100637 
103 0.099219 0.000000 0.156250 103.114571 0.000009 15.416232 -0.087028 
104 -3.662500 0.000000 -1.250000 98.475040 0.000001 17.375532 0.000076 
105 -5.000000 0.000000 -1.250000 98.478507 0.000000 17.371694 0.000021 
106 -3.662500 0.000000 -2.500000 98.471611 0.000001 17.371040 0.000159 
107 -1.656250 0.000000 -0.625000 98.454560 0.000002 17.411255 0.000355 
108 -2.325000 0.000000 -0.625000 98.470855 0.000002 17.391555 0.000102 
109 -1.656250 0.000000 -1.250000 98.441965 0.000002 17.387506 0.000685 
110 -0.653125 0.000000 -0.312500 98.349959 0.000005 17.558873 0.001897 
111 -0.987500 0.000000 -0.312500 98.431003 0.000004 17.481855 0.000572 
112 -0.653125 0.000000 -0.625000 98.303785 0.000005 17.457368 0.003161 
113 -0.151562 0.000000 -0.156250 97.470532 0.000009 18.310442 0.016422 
114 -0.318750 0.000000 -0.156250 98.154004 0.000008 17.942417 0.004386 
115 -0.151562 0.000000 -0.312500 97.523539 0.000009 17.661451 0.017723 
116 0.099219 0.000000 -0.078125 90.713207 0.000012 12.569218 0.161313 
117 0.015625 0.000000 -0.078125 92.905027 0.000011 18.228876 0.103636 
118 0.099219 0.000000 -0.156250 93.988969 0.000013 15.427787 0.092806 
119 0.182813 0.000000 -0.078125 92.593721 0.000015 9.233001 0.134115 
120 0.517188 0.000000 0.156250 99.747208 0.000007 12.732061 -0.011161 
121 0.517188 0.000000 0.000000 98.443291 -0.000055 12.660277 0.014864 
122 0.684375 0.000000 0.156250 99.200719 0.000011 13.603989 -0.002585 
123 0.517188 0.000000 0.312500 99.902022 -0.000010 14.125008 -0.017993 
124 0.266406 0.000000 0.078125 101.867879 0.000009 9.222745 -0.046212 
125 0.266406 0.000000 0.000000 98.126674 0.000058 8.428961 0.030011 
126 0.350000 0.000000 0.078125 100.296758 0.000020 10.717223 -0.017430 
127 0.266406 0.000000 0.156250 102.057890 0.000007 12.130566 -0.056296 
128 0.141016 0.000000 0.039062 107.108364 0.000010 6.064721 -0.150898 
129 0.099219 0.000000 0.039062 108.978768 0.000012 7.910560 -0.193895 
130 0.141016 0.000000 0.000000 98.540384 0.000012 -0.000025 0.028979 
131 0.182813 0.000000 0.039062 104.885005 0.000005 5.342901 -0.102941 
132 0.141016 0.000000 0.078125 105.713748 0.000010 10.460712 -0.128482 
133 0.517188 0.000000 -0.156250 97.542235 0.000023 12.451052 0.033048 
134 0.517188 0.000000 -0.312500 97.407229 0.000028 14.223169 0.030953 
135 0.684375 0.000000 -0.156250 98.257350 0.000015 13.059746 0.017494 
136 0.266406 0.000000 -0.078125 95.165264 0.000016 9.071995 0.086127 
137 0.266406 0.000000 -0.156250 95.082623 0.000018 12.107943 0.081269 
138 0.350000 0.000000 -0.078125 96.679910 0.000014 10.210382 0.054874 
139 0.141016 0.000000 -0.039062 89.988614 0.000013 6.062832 0.186529 
140 0.099219 0.000000 -0.039062 88.119959 0.000010 7.912140 0.217227 
141 0.141016 0.000000 -0.078125 91.390002 0.000013 10.460503 0.153845 
142 0.182813 0.000000 -0.039062 92.184215 0.000018 5.324873 0.147372 
143 0.224609 0.000000 0.039062 102.343378 0.000000 6.195197 -0.051255 
144 0.224609 0.000000 0.000000 98.448533 0.000017 -0.000018 0.030789 
145 0.266406 0.000000 0.039062 100.661970 0.000002 8.139688 -0.019909 
146 0.224609 0.000000 0.078125 103.087908 0.000008 8.927326 -0.070681 
147 0.161914 0.000000 0.019531 98.532010 0.000012 -0.000029 0.029144 
148 0.141016 0.000000 0.019531 107.537171 0.000007 3.092561 -0.157381 
149 0.161914 0.000000 0.000000 98.528969 0.000012 -0.000033 0.029204 
150 0.182813 0.000000 0.019531 98.513360 0.000012 -0.000051 0.029512 
151 0.161914 0.000000 0.039062 106.058820 0.000008 5.588358 -0.127970 
152 -0.067969 0.000000 0.078125 100.373077 0.000010 19.323484 -0.044815 
153 -0.151562 0.000000 0.078125 99.254907 0.000009 18.754784 -0.020328 
154 -0.067969 0.000000 0.000000 98.537539 0.000010 20.535148 -0.013134 
155 -0.067969 0.000000 0.156250 100.529210 0.000009 18.302146 -0.044109 
156 0.057422 0.000000 0.039062 110.066265 0.000012 11.915012 -0.225655 
157 0.015625 0.000000 0.039062 107.572481 0.000011 18.790710 -0.192493 
158 0.057422 0.000000 0.000000 98.552433 0.000012 0.000005 0.028742 
159 0.057422 0.000000 0.078125 105.997334 0.000010 15.490771 -0.147540 
160 0.120117 0.000000 0.019531 108.783422 0.000010 3.446190 -0.184571 
161 0.099219 0.000000 0.019531 110.076825 0.000013 3.979596 -0.213274 
162 0.120117 0.000000 0.000000 98.546197 0.000011 -0.000023 0.028865 
163 0.120117 0.000000 0.039062 108.081264 0.000011 6.805913 -0.172788 
164 0.224609 0.000000 -0.039062 94.618556 0.000021 6.075670 0.101042 
165 0.224609 0.000000 -0.078125 93.983729 0.000016 8.871768 0.108835 
166 0.266406 0.000000 -0.039062 96.141493 0.000018 7.680377 0.069783 
167 0.161914 0.000000 -0.019531 98.532010 0.000012 -0.000029 0.029144 
168 0.141016 0.000000 -0.019531 89.557328 0.000016 3.091277 0.196993 
169 0.161914 0.000000 -0.039062 91.029867 0.000015 5.581613 0.168241 
170 0.182813 0.000000 -0.019531 98.513360 0.000012 -0.000051 0.029512 
171 0.151465 0.000000 0.009766 98.536739 0.000012 -0.000028 0.029051 
172 0.141016 0.000000 0.009766 98.540384 0.000012 -0.000025 0.028979 
173 0.151465 0.000000 0.000000 98.536739 0.000012 -0.000028 0.029051 
174 0.161914 0.000000 0.009766 98.528969 0.000012 -0.000033 0.029204 
175 0.151465 0.000000 0.019531 106.917490 0.000004 2.914687 -0.143985 
176 -0.067969 0.000000 -0.078125 96.701561 0.000010 19.328429 0.027522 
177 -0.151562 0.000000 -0.078125 97.803418 0.000009 18.758800 0.008260 
178 -0.067969 0.000000 -0.156250 96.544032 0.000010 18.311990 0.034392 
179 -0.026172 0.000000 0.039062 101.841419 0.000010 21.154664 -0.081919 
180 -0.067969 0.000000 0.039062 99.796591 0.000010 20.096437 -0.036323 
181 -0.026172 0.000000 0.000000 98.542086 0.000010 23.612743 -0.026810 
182 -0.026172 0.000000 0.078125 101.872836 0.000010 19.391428 -0.075410 
183 0.057422 0.000000 -0.039062 87.026576 0.000009 11.917477 0.228435 
184 0.015625 0.000000 -0.039062 89.521044 0.000011 18.793542 0.163279 
185 0.057422 0.000000 -0.078125 91.095927 0.000011 15.495965 0.146141 
186 0.036523 0.000000 0.019531 98.553455 0.000012 0.000011 0.028722 
187 0.015625 0.000000 0.019531 98.547606 0.000011 0.000029 0.028837 
188 0.036523 0.000000 0.000000 98.551036 0.000011 0.000018 0.028769 
189 0.057422 0.000000 0.019531 98.551826 0.000012 0.000004 0.028754 
190 0.036523 0.000000 0.039062 109.574107 0.000012 15.165954 -0.223649 
191 -0.026172 0.000000 -0.039062 95.242663 0.000010 21.157355 0.048120 
192 -0.067969 0.000000 -0.039062 97.278378 0.000010 20.098910 0.013295 
193 -0.026172 0.000000 -0.078125 95.210959 0.000011 19.396833 0.055864 
194 0.036523 0.000000 -0.019531 98.553455 0.000012 0.000011 0.028722 
195 0.015625 0.000000 -0.019531 98.547606 0.000011 0.000029 0.028837 
196 0.036523 0.000000 -0.039062 87.524074 0.000010 15.168782 0.210944 
197 0.057422 0.000000 -0.019531 98.551826 0.000012 0.000004 0.028754 
198 0.078320 0.000000 0.019531 98.549447 0.000011 -0.000003 0.028801 
199 0.078320 0.000000 0.000000 98.550418 0.000012 0.000001 0.028782 
200 0.078320 0.000000 0.039062 109.714788 0.000012 9.533062 -0.212821 
201 0.046973 0.000000 0.009766 98.553596 0.000012 0.000006 0.028719 
202 0.036523 0.000000 0.009766 98.551036 0.000011 0.000018 0.028769 
203 0.046973 0.000000 0.000000 98.552967 0.000012 0.000005 0.028731 
204 0.057422 0.000000 0.009766 98.552433 0.000012 0.000005 0.028742 
205 0.046973 0.000000 0.019531 98.554253 0.000012 0.000006 0.028706 
206 -0.005273 0.000000 0.019531 98.546347 0.000011 0.000029 0.028862 
207 -0.026172 0.000000 0.019531 100.982690 0.000010 22.603289 -0.070841 
208 -0.005273 0.000000 0.000000 98.546473 0.000011 0.000032 0.028859 
209 -0.005273 0.000000 0.039062 104.373108 0.000010 20.978961 -0.133386 
210 -0.005273 0.000000 -0.019531 98.546347 0.000011 0.000029 0.028862 
211 -0.026172 0.000000 -0.019531 96.101459 0.000010 22.604633 0.025354 
212 -0.005273 0.000000 -0.039062 92.715683 0.000011 20.981739 0.096357 
213 0.005176 0.000000 0.009766 98.547606 0.000011 0.000029 0.028837 
214 -0.005273 0.000000 0.009766 98.546473 0.000011 0.000032 0.028859 
215 0.005176 0.000000 0.000000 98.547312 0.000011 0.000032 0.028843 
216 0.015625 0.000000 0.009766 98.549106 0.000011 0.000025 0.028807 
217 0.005176 0.000000 0.019531 98.546473 0.000011 0.000032 0.028859 
218 0.203711 0.000000 0.019531 98.462025 0.000016 -0.000025 0.030523 
219 0.203711 0.000000 0.000000 98.473237 0.000015 -0.000033 0.030302 
220 0.224609 0.000000 0.019531 98.431868 0.000018 -0.000014 0.031117 
221 0.203711 0.000000 0.039062 103.575956 0.000002 5.552270 -0.075881 
222 0.203711 0.000000 -0.019531 98.462025 0.000016 -0.000025 0.030523 
223 0.203711 0.000000 -0.039062 93.453266 0.000020 5.505217 0.123618 
224 0.224609 0.000000 -0.019531 98.431868 0.000018 -0.000014 0.031117 
225 0.193262 0.000000 0.009766 98.482559 0.000014 -0.000035 0.030119 
226 0.182813 0.000000 0.009766 98.495232 0.000013 -0.000041 0.029869 
227 0.193262 0.000000 0.000000 98.484401 0.000014 -0.000036 0.030082 
228 0.203711 0.000000 0.009766 98.473237 0.000015 -0.000033 0.030302 
229 0.193262 0.000000 0.019531 98.473237 0.000015 -0.000033 0.030302 
230 0.120117 0.000000 -0.019531 88.314810 0.000012 3.446256 0.218862 
231 0.099219 0.000000 -0.019531 87.021298 0.000009 3.980318 0.241145 
232 0.120117 0.000000 -0.039062 89.018165 0.000011 6.806330 0.202944 
233 0.172363 0.000000 0.009766 98.521232 0.000012 -0.000041 0.029357 
234 0.172363 0.000000 0.000000 98.519684 0.000012 -0.000045 0.029387 
235 0.172363 0.000000 0.019531 98.519845 0.000012 -0.000045 0.029384 
236 0.078320 0.000000 -0.019531 98.549447 0.000011 -0.000003 0.028801 
237 0.078320 0.000000 -0.039062 87.381488 0.000009 9.535237 0.227355 
238 0.026074 0.000000 0.009766 98.550727 0.000011 0.000020 0.028775 
239 0.026074 0.000000 0.000000 98.551250 0.000011 0.000018 0.028765 
240 0.026074 0.000000 0.019531 98.549106 0.000011 0.000025 0.028807 
1 10 13 9 14 
2 11 10 14 4 
3 1 17 15 16 
4 17 7 18 15 
5 20 8 21 19 
6 19 21 3 22 
7 13 19 22 9 
8 23 26 13 27 
9 24 23 27 10 
10 7 29 28 18 
11 29 2 30 28 
12 28 30 8 20 
13 15 33 31 32 
14 33 18 34 31 
15 36 20 37 35 
16 35 37 19 38 
17 26 35 38 13 
18 39 42 26 43 
19 40 39 43 23 
20 18 45 44 34 
21 45 28 46 44 
22 44 46 20 36 
23 31 49 47 48 
24 49 34 50 47 
25 52 36 53 51 
26 51 53 35 54 
27 42 51 54 26 
28 55 58 42 59 
29 56 55 59 39 
30 34 61 60 50 
31 61 44 62 60 
32 60 62 36 52 
33 47 65 63 64 
34 65 50 66 63 
35 68 52 69 67 
36 67 69 51 70 
37 58 67 70 42 
38 71 74 58 75 
39 72 71 75 55 
40 6 78 76 77 
41 78 12 24 76 
42 76 24 10 79 
43 77 76 79 11 
44 12 82 80 81 
45 82 25 40 80 
46 80 40 23 83 
47 81 80 83 24 
48 25 86 84 85 
49 86 41 56 84 
50 84 56 39 87 
51 85 84 87 40 
52 41 90 88 89 
53 88 72 55 91 
54 89 88 91 56 
55 50 93 92 66 
56 93 60 94 92 
57 92 94 52 68 
58 63 97 95 96 
59 97 66 98 95 
60 99 102 71 103 
61 100 99 103 72 
62 16 106 104 105 
63 106 15 32 104 
64 104 32 12 78 
65 105 104 78 6 
66 32 109 107 108 
67 109 31 48 107 
68 107 48 25 82 
69 108 107 82 12 
70 48 112 110 111 
71 112 47 64 110 
72 110 64 41 86 
73 111 110 86 25 
74 64 115 113 114 
75 115 63 96 113 
76 114 113 90 41 
77 96 118 116 117 
78 118 95 119 116 
79 5 121 120 74 
80 121 68 122 120 
81 120 122 67 123 
82 74 120 123 58 
83 125 5 126 124 
84 124 126 74 127 
85 102 124 127 71 
86 128 131 102 132 
87 129 128 132 99 
88 66 134 133 98 
89 134 92 135 133 
90 133 135 68 121 
91 98 133 121 5 
92 95 137 136 119 
93 137 98 138 136 
94 136 138 5 125 
95 116 141 139 140 
96 141 119 142 139 
97 144 125 145 143 
98 143 145 124 146 
99 131 143 146 102 
100 147 150 131 151 
101 148 147 151 128 
102 90 154 152 153 
103 152 100 72 155 
104 153 152 155 88 
105 156 129 99 159 
106 157 156 159 100 
107 101 162 160 161 
108 162 130 148 160 
109 160 148 128 163 
110 161 160 163 129 
111 119 165 164 142 
112 165 136 166 164 
113 164 166 125 144 
114 139 169 167 168 
115 169 142 170 167 
116 167 170 73 149 
117 168 167 149 130 
118 130 173 171 172 
119 173 149 174 171 
120 171 174 147 175 
121 172 171 175 148 
122 113 178 176 177 
123 178 96 117 176 
124 177 176 154 90 
125 154 181 179 180 
126 179 157 100 182 
127 180 179 182 152 
128 117 185 183 184 
129 185 116 140 183 
130 186 189 156 190 
131 187 186 190 157 
132 176 193 191 192 
133 193 117 184 191 
134 192 191 181 154 
135 184 196 194 195 
136 196 183 197 194 
137 194 197 158 188 
138 195 194 188 57 
139 158 199 198 189 
140 199 101 161 198 
141 198 161 129 200 
142 189 198 200 156 
143 188 203 201 202 
144 203 158 204 201 
145 201 204 189 205 
146 202 201 205 186 
147 181 208 206 207 
148 206 187 157 209 
149 207 206 209 179 
150 191 212 210 211 
151 212 184 195 210 
152 210 195 57 208 
153 211 210 208 181 
154 208 215 213 214 
155 215 57 216 213 
156 213 216 187 217 
157 214 213 217 206 
158 219 144 220 218 
159 218 220 143 221 
160 150 218 221 131 
161 142 223 222 170 
162 223 164 224 222 
163 222 224 144 219 
164 170 222 219 73 
165 73 227 225 226 
166 227 219 228 225 
167 225 228 218 229 
168 226 225 229 150 
169 140 232 230 231 
170 232 139 168 230 
171 230 168 130 162 
172 231 230 162 101 
173 149 234 233 174 
174 234 73 226 233 
175 233 226 150 235 
176 174 233 235 147 
177 183 237 236 197 
178 237 140 231 236 
179 236 231 101 199 
180 197 236 199 158 
181 57 239 238 216 
182 239 188 202 238 
183 238 202 186 240 
184 216 238 240 187 
