2 0.000000 100.000000 5791.461216
287 226 
1 -5.833333 0.000000 -5.833333 98.490901 0.000000 -17.365004 -0.000200 
2 6.125000 0.000000 -5.833333 98.502399 0.000004 -17.280303 -0.000133 
3 6.125000 0.000000 5.833333 98.478160 0.000003 -17.323558 0.000195 
4 -5.833333 0.000000 5.833333 98.473362 0.000001 -17.366076 0.000142 
5 0.145833 0.000000 0.000000 98.905051 0.000010 0.002246 0.021779 
6 -5.833333 0.000000 0.000000 98.482754 0.000001 -17.377015 -0.000081 
7 0.145833 0.000000 -5.833333 98.510777 0.000002 -17.334281 -0.000485 
8 6.125000 0.000000 0.000000 98.712483 0.000095 -16.026702 -0.000101 
9 0.145833 0.000000 5.833333 98.459569 0.000002 -17.342675 0.000494 
10 3.135417 0.000000 2.916667 98.469571 0.000008 -17.207883 0.000763 
11 0.145833 0.000000 2.916667 98.397386 0.000005 -17.270270 0.001969 
12 3.135417 0.000000 0.000000 99.116344 0.000130 -13.663446 -0.001074 
13 6.125000 0.000000 2.916667 98.490120 0.000008 -17.248199 0.000220 
14 3.135417 0.000000 5.833333 98.468944 0.000002 -17.324364 0.000373 
15 -2.843750 0.000000 2.916667 98.449965 0.000002 -17.371811 0.000582 
16 -5.833333 0.000000 2.916667 98.473911 0.000001 -17.371329 0.000113 
17 -2.843750 0.000000 0.000000 98.488602 0.000003 -17.412365 -0.000320 
18 -2.843750 0.000000 5.833333 98.465246 0.000001 -17.359802 0.000323 
19 3.135417 0.000000 -2.916667 98.560915 0.000015 -17.056864 -0.000519 
20 0.145833 0.000000 -2.916667 98.599331 0.000006 -17.238032 -0.001898 
21 3.135417 0.000000 -5.833333 98.507529 0.000002 -17.301022 -0.000306 
22 6.125000 0.000000 -2.916667 98.567716 0.000021 -16.900201 -0.000121 
23 1.640625 0.000000 1.458333 98.435186 0.000032 -16.780023 0.002894 
24 0.145833 0.000000 1.458333 98.157350 0.000018 -17.003959 0.007600 
25 1.640625 0.000000 0.000000 99.500792 -0.000067 -11.193918 -0.002571 
26 3.135417 0.000000 1.458333 98.520777 0.000031 -16.889742 0.000839 
27 1.640625 0.000000 2.916667 98.433597 0.000008 -17.209597 0.001466 
28 -2.843750 0.000000 -2.916667 98.521173 0.000002 -17.368105 -0.000807 
29 -5.833333 0.000000 -2.916667 98.491440 0.000001 -17.370481 -0.000230 
30 -2.843750 0.000000 -5.833333 98.501492 0.000001 -17.356746 -0.000380 
31 -1.348958 0.000000 1.458333 98.353639 0.000005 -17.386568 0.002427 
32 -2.843750 0.000000 1.458333 98.451594 0.000002 -17.393409 0.000475 
33 -1.348958 0.000000 0.000000 98.506933 0.000007 -17.568960 -0.001228 
34 -1.348958 0.000000 2.916667 98.417186 0.000003 -17.346316 0.001316 
35 1.640625 0.000000 -1.458333 98.759404 0.000021 -16.321380 -0.001981 
36 0.145833 0.000000 -1.458333 98.921156 0.000012 -16.906033 -0.007121 
37 1.640625 0.000000 -2.916667 98.582100 0.000011 -17.128654 -0.001182 
38 3.135417 0.000000 -1.458333 98.778954 0.000028 -15.779174 -0.000626 
39 0.893229 0.000000 0.729167 98.297246 0.000081 -15.413742 0.010007 
40 0.145833 0.000000 0.729167 97.357379 0.000044 -16.112598 0.026192 
41 0.893229 0.000000 0.000000 99.624606 -0.000371 -9.469205 -0.001473 
42 1.640625 0.000000 0.729167 98.598339 0.000088 -15.763695 0.002987 
43 0.893229 0.000000 1.458333 98.299840 0.000028 -16.787094 0.005533 
44 -1.348958 0.000000 -1.458333 98.644313 0.000006 -17.373157 -0.003253 
45 -2.843750 0.000000 -1.458333 98.523532 0.000002 -17.390463 -0.000931 
46 -1.348958 0.000000 -2.916667 98.563011 0.000004 -17.335664 -0.001519 
47 -0.601562 0.000000 0.729167 97.956158 0.000015 -17.454342 0.009994 
48 -1.348958 0.000000 0.729167 98.354517 0.000006 -17.486498 0.002061 
49 -0.601562 0.000000 0.000000 98.557539 0.000015 -18.218552 -0.004550 
50 -0.601562 0.000000 1.458333 98.223008 0.000010 -17.289889 0.005330 
51 0.893229 0.000000 -0.729167 99.301245 -0.000044 -14.473344 -0.007021 
52 0.145833 0.000000 -0.729167 99.929647 0.000004 -15.892494 -0.023851 
53 0.893229 0.000000 -1.458333 98.844897 0.000016 -16.534580 -0.004371 
54 1.640625 0.000000 -0.729167 99.190351 -0.000097 -13.698398 -0.002637 
55 0.519531 0.000000 0.364583 97.740445 0.000094 -12.689184 0.028579 
56 0.145833 0.000000 0.364583 95.220535 0.000069 -14.154019 0.073271 
57 0.519531 0.000000 0.000000 99.515278 -0.000516 -7.426468 0.004156 
58 0.893229 0.000000 0.364583 98.641348 0.000104 -13.268810 0.009382 
59 0.519531 0.000000 0.729167 97.849958 0.000066 -15.459159 0.018640 
60 -0.601562 0.000000 -0.729167 99.118188 0.000010 -17.416953 -0.012777 
61 -1.348958 0.000000 -0.729167 98.652865 0.000006 -17.477127 -0.003784 
62 -0.601562 0.000000 -1.458333 98.802369 0.000008 -17.255810 -0.005967 
63 -0.227865 0.000000 0.364583 96.505550 0.000032 -17.687460 0.037383 
64 -0.601562 0.000000 0.364583 97.942301 0.000017 -17.846061 0.008882 
65 -0.227865 0.000000 0.000000 98.646503 0.000023 -21.028036 -0.017331 
66 -0.227865 0.000000 0.729167 97.499606 0.000026 -17.056938 0.020289 
67 0.519531 0.000000 -0.364583 100.280641 -0.000135 -11.923612 -0.019838 
68 0.145833 0.000000 -0.364583 102.342797 -0.000024 -13.880943 -0.066673 
69 0.519531 0.000000 -0.729167 99.605503 -0.000017 -14.955468 -0.014492 
70 0.893229 0.000000 -0.364583 99.694482 -0.000291 -11.498397 -0.007120 
71 0.332682 0.000000 0.182292 96.208980 0.000092 -9.263600 0.065802 
72 0.145833 0.000000 0.182292 92.203306 0.000092 -11.100839 0.137532 
73 0.332682 0.000000 0.000000 99.249611 -0.000877 -4.054715 0.013307 
74 0.519531 0.000000 0.182292 98.157688 0.000044 -10.187536 0.026128 
75 0.332682 0.000000 0.364583 96.569354 0.000086 -12.827561 0.050981 
76 -0.227865 0.000000 -0.364583 100.734421 0.000011 -17.613178 -0.045765 
77 -0.601562 0.000000 -0.364583 99.159774 0.000012 -17.820781 -0.015024 
78 -0.227865 0.000000 -0.729167 99.653430 0.000011 -16.969007 -0.021875 
79 -0.041016 0.000000 0.182292 92.047326 0.000055 -17.901204 0.120684 
80 -0.227865 0.000000 0.182292 96.174062 0.000032 -19.412574 0.037370 
81 -0.041016 0.000000 0.000000 98.732895 0.000024 -38.289400 -0.121426 
82 -0.041016 0.000000 0.364583 95.212019 0.000049 -16.442080 0.066433 
83 0.332682 0.000000 -0.182292 101.909401 -0.000149 -8.796756 -0.046291 
84 0.145833 0.000000 -0.182292 105.508584 -0.000060 -10.904842 -0.125098 
85 0.332682 0.000000 -0.364583 101.237275 -0.000070 -12.304000 -0.040037 
86 0.519531 0.000000 -0.182292 100.354822 -0.000291 -9.212993 -0.015597 
87 0.239258 0.000000 0.091146 93.978266 0.000141 -5.941884 0.113278 
88 0.145833 0.000000 0.091146 89.651258 0.000120 -7.113186 0.191205 
89 0.239258 0.000000 0.000000 99.039664 -0.000019 0.003047 0.019114 
90 0.332682 0.000000 0.091146 96.838985 0.000095 -6.572512 0.057901 
91 0.239258 0.000000 0.182292 94.286081 0.000101 -9.433310 0.102115 
92 -0.041016 0.000000 -0.182292 105.405887 -0.000006 -17.810368 -0.142761 
93 -0.227865 0.000000 -0.182292 101.103565 0.000013 -19.368266 -0.059706 
94 -0.041016 0.000000 -0.364583 102.158718 0.000000 -16.302313 -0.070217 
95 0.239258 0.000000 -0.091146 104.044872 -0.000169 -5.753306 -0.085844 
96 0.145833 0.000000 -0.091146 108.130147 -0.000097 -7.000392 -0.174113 
97 0.239258 0.000000 -0.182292 103.618043 -0.000099 -9.130528 -0.082007 
98 0.332682 0.000000 -0.091146 101.473740 -0.000246 -6.233619 -0.033578 
99 4.630208 0.000000 1.458333 98.526408 0.000026 -17.005550 0.000336 
100 4.630208 0.000000 0.000000 98.857443 0.000128 -15.185756 -0.000340 
101 6.125000 0.000000 1.458333 98.521554 0.000021 -17.082555 0.000169 
102 4.630208 0.000000 2.916667 98.484903 0.000009 -17.227822 0.000393 
103 2.388021 0.000000 0.729167 98.636216 0.000080 -16.094983 0.001185 
104 2.388021 0.000000 0.000000 99.269912 0.000079 -12.716889 -0.001623 
105 3.135417 0.000000 0.729167 98.636234 0.000072 -16.283611 0.000574 
106 2.388021 0.000000 1.458333 98.499260 0.000032 -16.820591 0.001496 
107 1.266927 0.000000 0.364583 98.848705 0.000116 -13.857806 0.003689 
108 1.266927 0.000000 0.000000 99.605740 -0.000199 -10.310283 -0.002761 
109 1.640625 0.000000 0.364583 98.882277 0.000126 -14.332312 0.001688 
110 1.266927 0.000000 0.729167 98.511123 0.000087 -15.577604 0.005290 
111 0.706380 0.000000 0.182292 98.811694 0.000011 -11.029879 0.011459 
112 0.706380 0.000000 0.000000 99.609938 -0.000515 -8.723998 0.000175 
113 0.893229 0.000000 0.182292 99.037529 0.000013 -11.630345 0.005630 
114 0.706380 0.000000 0.364583 98.345858 0.000099 -12.942992 0.016057 
115 0.426107 0.000000 0.091146 98.157950 0.000015 -7.815487 0.030394 
116 0.426107 0.000000 0.000000 99.412041 -0.000453 -6.291350 0.007767 
117 0.519531 0.000000 0.091146 98.737059 -0.000062 -8.742151 0.017457 
118 0.426107 0.000000 0.182292 97.451798 0.000070 -9.680713 0.040943 
119 0.285970 0.000000 0.045573 96.290310 0.000151 -3.866146 0.071323 
120 0.239258 0.000000 0.045573 94.130377 0.000206 -3.502269 0.112721 
121 0.285970 0.000000 0.000000 99.136952 -0.000057 0.003171 0.017186 
122 0.332682 0.000000 0.045573 97.717938 0.000081 -5.112219 0.042507 
123 0.285970 0.000000 0.091146 95.591364 0.000126 -5.987633 0.082644 
124 0.052409 0.000000 0.091146 84.709149 0.000090 -12.884198 0.265836 
125 -0.041016 0.000000 0.091146 88.852492 0.000052 -22.298234 0.160802 
126 0.052409 0.000000 0.000000 98.810533 0.000021 0.001700 0.023648 
127 0.052409 0.000000 0.182292 90.825564 0.000073 -14.374063 0.154410 
128 0.192546 0.000000 0.045573 91.676245 0.000175 -3.465226 0.158346 
129 0.145833 0.000000 0.045573 88.651013 0.000133 -3.848723 0.212619 
130 0.192546 0.000000 0.000000 98.954627 0.000001 0.002317 0.020798 
131 0.192546 0.000000 0.091146 91.992712 0.000135 -6.232286 0.149850 
132 4.630208 0.000000 -1.458333 98.907825 -0.000003 -14.969287 -0.000684 
133 4.630208 0.000000 -2.916667 98.557616 0.000017 -16.991309 -0.000231 
134 6.125000 0.000000 -1.458333 99.178408 -0.000111 -13.415157 -0.001632 
135 2.388021 0.000000 -0.729167 99.316301 -0.000188 -12.715062 -0.002540 
136 2.388021 0.000000 -1.458333 98.740710 0.000024 -16.120414 -0.000960 
137 3.135417 0.000000 -0.729167 99.587641 -0.000365 -11.108580 -0.004110 
138 1.266927 0.000000 -0.364583 99.695254 -0.000419 -10.717526 -0.005401 
139 1.266927 0.000000 -0.729167 99.191389 -0.000068 -14.105563 -0.003790 
140 1.640625 0.000000 -0.364583 99.781209 -0.000534 -10.031485 -0.005692 
141 0.706380 0.000000 -0.182292 99.964320 -0.000456 -9.405036 -0.008132 
142 0.706380 0.000000 -0.364583 99.859610 -0.000217 -11.706188 -0.010898 
143 0.893229 0.000000 -0.182292 99.891921 -0.000603 -9.317196 -0.006521 
144 0.426107 0.000000 -0.091146 100.432951 -0.000362 -7.232140 -0.013908 
145 0.426107 0.000000 -0.182292 100.876824 -0.000214 -8.986235 -0.025689 
146 0.519531 0.000000 -0.091146 100.082381 -0.000488 -7.851791 -0.007813 
147 0.285970 0.000000 -0.045573 101.942688 -0.000263 -3.716516 -0.040612 
148 0.239258 0.000000 -0.045573 103.935617 -0.000249 -3.399347 -0.081417 
149 0.285970 0.000000 -0.091146 102.573479 -0.000204 -5.736274 -0.055422 
150 0.332682 0.000000 -0.045573 100.694472 -0.000303 -4.877029 -0.016316 
151 0.262614 0.000000 0.022786 95.559701 0.000241 -2.210771 0.086346 
152 0.239258 0.000000 0.022786 94.278791 0.000317 -2.075341 0.110720 
153 0.262614 0.000000 0.000000 99.099549 -0.000042 0.003190 0.017928 
154 0.285970 0.000000 0.022786 96.937818 0.000105 -2.597766 0.059631 
155 0.262614 0.000000 0.045573 95.263646 0.000188 -3.659457 0.091145 
156 0.052409 0.000000 -0.091146 112.886873 -0.000048 -12.812843 -0.290761 
157 -0.041016 0.000000 -0.091146 108.603839 -0.000004 -22.251357 -0.228992 
158 0.052409 0.000000 -0.182292 106.728560 -0.000029 -14.245081 -0.159391 
159 0.192546 0.000000 -0.045573 106.247372 -0.000177 -3.388850 -0.129999 
160 0.145833 0.000000 -0.045573 109.151068 -0.000113 -3.789977 -0.192832 
161 0.192546 0.000000 -0.091146 105.902083 -0.000131 -6.087735 -0.125231 
162 0.215902 0.000000 0.022786 99.028155 -0.000015 0.002724 0.019342 
163 0.192546 0.000000 0.022786 98.944366 0.000004 0.002292 0.021001 
164 0.215902 0.000000 0.000000 98.997430 -0.000008 0.002621 0.019951 
165 0.215902 0.000000 0.045573 92.933193 0.000197 -3.428965 0.135166 
166 0.099121 0.000000 0.045573 84.540916 0.000131 -5.084984 0.282698 
167 0.052409 0.000000 0.045573 78.559422 0.000118 -9.278361 0.374233 
168 0.099121 0.000000 0.000000 98.861220 0.000016 0.002092 0.022646 
169 0.099121 0.000000 0.091146 87.022789 0.000107 -9.073499 0.234471 
170 0.099121 0.000000 -0.045573 113.156734 -0.000097 -5.038890 -0.282984 
171 0.052409 0.000000 -0.045573 119.048288 -0.000076 -9.241697 -0.425790 
172 0.099121 0.000000 -0.091146 110.659501 -0.000071 -8.984266 -0.232624 
173 0.122477 0.000000 0.022786 98.866664 0.000016 0.002210 0.022538 
174 0.099121 0.000000 0.022786 98.866664 0.000016 0.002139 0.022538 
175 0.122477 0.000000 0.000000 98.874353 0.000014 0.002164 0.022386 
176 0.145833 0.000000 0.022786 98.905111 0.000010 0.002351 0.021778 
177 0.122477 0.000000 0.045573 86.793433 0.000128 -4.308639 0.244834 
178 -4.338542 0.000000 1.458333 98.471611 0.000001 -17.381960 0.000121 
179 -5.833333 0.000000 1.458333 98.477337 0.000001 -17.374445 0.000034 
180 -4.338542 0.000000 0.000000 98.484320 0.000001 -17.386102 -0.000144 
181 -4.338542 0.000000 2.916667 98.466567 0.000001 -17.374185 0.000247 
182 -2.096354 0.000000 0.729167 98.441673 0.000004 -17.432216 0.000535 
183 -2.843750 0.000000 0.729167 98.465368 0.000002 -17.406811 0.000157 
184 -2.096354 0.000000 0.000000 98.494272 0.000004 -17.449489 -0.000561 
185 -2.096354 0.000000 1.458333 98.421915 0.000003 -17.399015 0.001040 
186 -0.975260 0.000000 0.364583 98.305387 0.000011 -17.651262 0.002448 
187 -1.348958 0.000000 0.364583 98.410118 0.000007 -17.543722 0.000767 
188 -0.975260 0.000000 0.000000 98.523291 0.000010 -17.731645 -0.002125 
189 -0.975260 0.000000 0.729167 98.229489 0.000010 -17.509536 0.004438 
190 -0.414714 0.000000 0.182292 97.713700 0.000022 -18.542921 0.010819 
191 -0.601562 0.000000 0.182292 98.158432 0.000016 -18.101813 0.003725 
192 -0.414714 0.000000 0.000000 98.590679 0.000019 -18.914233 -0.007787 
193 -0.414714 0.000000 0.364583 97.452074 0.000023 -17.921940 0.018190 
194 -0.134440 0.000000 0.091146 94.970354 0.000036 -22.010240 0.049618 
195 -0.227865 0.000000 0.091146 96.991699 0.000028 -20.467208 0.017370 
196 -0.134440 0.000000 0.000000 98.688622 0.000024 -24.162583 -0.032327 
197 -0.134440 0.000000 0.182292 94.539031 0.000041 -19.323735 0.068896 
198 0.005697 0.000000 0.045573 75.965590 0.000065 -22.276707 0.373298 
199 -0.041016 0.000000 0.045573 88.060557 0.000043 -29.017894 0.140330 
200 0.005697 0.000000 0.000000 98.788750 0.000024 0.001692 0.024078 
201 0.005697 0.000000 0.091146 84.994047 0.000069 -18.491566 0.243407 
202 0.075765 0.000000 0.022786 98.812222 0.000021 0.001959 0.023614 
203 0.052409 0.000000 0.022786 75.117589 0.000173 -4.739048 0.433489 
204 0.075765 0.000000 0.000000 98.832638 0.000019 0.001978 0.023211 
205 0.075765 0.000000 0.045573 81.768392 0.000132 -6.523555 0.327137 
206 -4.338542 0.000000 -1.458333 98.496554 0.000001 -17.380958 -0.000367 
207 -5.833333 0.000000 -1.458333 98.488461 0.000001 -17.373952 -0.000183 
208 -4.338542 0.000000 -2.916667 98.500405 0.000001 -17.372642 -0.000414 
209 -2.096354 0.000000 -0.729167 98.545090 0.000004 -17.428546 -0.001489 
210 -2.843750 0.000000 -0.729167 98.511252 0.000003 -17.405116 -0.000740 
211 -2.096354 0.000000 -1.458333 98.560933 0.000004 -17.393164 -0.001678 
212 -0.975260 0.000000 -0.364583 98.736972 0.000009 -17.640476 -0.006018 
213 -1.348958 0.000000 -0.364583 98.602073 0.000007 -17.538377 -0.002996 
214 -0.975260 0.000000 -0.729167 98.801323 0.000008 -17.491926 -0.006767 
215 -0.414714 0.000000 -0.182292 99.460687 0.000015 -18.519151 -0.023539 
216 -0.601562 0.000000 -0.182292 98.953150 0.000014 -18.087992 -0.011890 
217 -0.414714 0.000000 -0.364583 99.704023 0.000013 -17.879920 -0.026058 
218 -0.134440 0.000000 -0.091146 102.400738 0.000013 -21.976929 -0.096890 
219 -0.227865 0.000000 -0.091146 100.297331 0.000017 -20.443927 -0.047751 
220 -0.134440 0.000000 -0.182292 102.814782 0.000008 -19.261027 -0.094187 
221 0.005697 0.000000 -0.045573 121.564601 -0.000019 -22.247230 -0.527289 
222 -0.041016 0.000000 -0.045573 109.402827 0.000005 -28.993975 -0.280963 
223 0.005697 0.000000 -0.091146 112.527109 -0.000022 -18.433973 -0.300216 
224 0.029053 0.000000 0.022786 67.821694 0.000107 -9.759435 0.530497 
225 0.005697 0.000000 0.022786 62.443074 0.000038 -26.454220 0.540104 
226 0.029053 0.000000 0.000000 98.800868 0.000022 0.001558 0.023839 
227 0.029053 0.000000 0.045573 75.662361 0.000091 -14.411157 0.406753 
228 -0.087728 0.000000 0.045573 94.255066 0.000035 -25.918226 0.044423 
229 -0.134440 0.000000 0.045573 96.377613 0.000031 -23.481117 0.015999 
230 -0.087728 0.000000 0.000000 98.714761 0.000025 -27.872432 -0.052148 
231 -0.087728 0.000000 0.091146 92.689960 0.000042 -22.711184 0.089277 
232 -0.017660 0.000000 0.022786 79.736422 0.000035 -39.429760 0.208740 
233 -0.041016 0.000000 0.022786 90.758810 0.000034 -34.683078 0.055992 
234 -0.017660 0.000000 0.000000 98.782308 0.000024 0.001626 0.024206 
235 -0.017660 0.000000 0.045573 81.734717 0.000050 -28.235587 0.252219 
236 0.029053 0.000000 -0.022786 129.748455 -0.000063 -9.742913 -0.692959 
237 0.005697 0.000000 -0.022786 135.089434 0.000008 -26.439394 -0.894820 
238 0.029053 0.000000 -0.045573 121.905149 -0.000047 -14.378323 -0.506760 
239 0.052409 0.000000 -0.022786 122.493138 -0.000132 -4.720588 -0.502685 
240 0.017375 0.000000 0.011393 98.788137 0.000024 0.001632 0.024090 
241 0.005697 0.000000 0.011393 98.788137 0.000024 0.001632 0.024090 
242 0.017375 0.000000 0.000000 98.793419 0.000023 0.001565 0.023986 
243 0.029053 0.000000 0.011393 98.798029 0.000023 0.001555 0.023895 
244 0.017375 0.000000 0.022786 63.595712 0.000067 -15.912344 0.570238 
245 0.262614 0.000000 -0.022786 102.605262 -0.000320 -2.146252 -0.053245 
246 0.239258 0.000000 -0.022786 103.800155 -0.000363 -2.022349 -0.077856 
247 0.262614 0.000000 -0.045573 102.882806 -0.000261 -3.536963 -0.059738 
248 0.285970 0.000000 -0.022786 101.323974 -0.000225 -2.513845 -0.027287 
249 0.379395 0.000000 0.045573 98.377351 0.000012 -6.176968 0.028374 
250 0.379395 0.000000 0.000000 99.339495 -0.000493 -5.410321 0.010239 
251 0.426107 0.000000 0.045573 98.731730 -0.000060 -6.970840 0.020345 
252 0.379395 0.000000 0.091146 97.648244 0.000057 -7.233774 0.041249 
253 0.309326 0.000000 0.022786 97.932572 0.000037 -3.536716 0.039670 
254 0.309326 0.000000 0.000000 99.196681 -0.002013 -2.924934 0.015146 
255 0.332682 0.000000 0.022786 98.404479 0.000002 -4.452219 0.029674 
256 0.309326 0.000000 0.045573 97.139204 0.000115 -4.471500 0.054398 
257 0.274292 0.000000 0.011393 99.126869 -0.000053 0.003151 0.017386 
258 0.262614 0.000000 0.011393 99.098079 -0.000041 0.003247 0.017957 
259 0.274292 0.000000 0.000000 99.122041 -0.000051 0.003166 0.017482 
260 0.285970 0.000000 0.011393 99.126869 -0.000053 0.003151 0.017386 
261 0.274292 0.000000 0.022786 96.259521 0.000169 -2.403305 0.072833 
262 0.379395 0.000000 -0.045573 100.203600 -0.000381 -5.821772 -0.007465 
263 0.379395 0.000000 -0.091146 100.808635 -0.000300 -6.782701 -0.020839 
264 0.426107 0.000000 -0.045573 100.000797 -0.000466 -6.474074 -0.004207 
265 0.309326 0.000000 -0.022786 100.432542 -0.000198 -3.418241 -0.009838 
266 0.309326 0.000000 -0.045573 101.183805 -0.000276 -4.284361 -0.025652 
267 0.332682 0.000000 -0.022786 100.060374 -0.000209 -4.285202 -0.003044 
268 0.169189 0.000000 0.022786 98.943558 0.000003 0.002492 0.021017 
269 0.169189 0.000000 0.000000 98.943786 0.000003 0.002352 0.021013 
270 0.169189 0.000000 0.045573 90.276485 0.000151 -3.566169 0.183744 
271 0.215902 0.000000 -0.022786 99.028155 -0.000015 0.002724 0.019342 
272 0.192546 0.000000 -0.022786 98.944366 0.000004 0.002292 0.021001 
273 0.215902 0.000000 -0.045573 105.058709 -0.000217 -3.340855 -0.104849 
274 0.169189 0.000000 -0.022786 98.943558 0.000003 0.002492 0.021017 
275 0.145833 0.000000 -0.022786 98.905111 0.000010 0.002351 0.021778 
276 0.169189 0.000000 -0.045573 107.584068 -0.000140 -3.499385 -0.158658 
277 0.122477 0.000000 -0.022786 98.866664 0.000016 0.002210 0.022538 
278 0.099121 0.000000 -0.022786 98.866664 0.000016 0.002139 0.022538 
279 0.122477 0.000000 -0.045573 110.954485 -0.000099 -4.256717 -0.232902 
280 0.075765 0.000000 -0.022786 98.812222 0.000021 0.001959 0.023614 
281 0.075765 0.000000 -0.045573 115.882617 -0.000093 -6.482506 -0.347080 
282 -0.087728 0.000000 -0.045573 103.172490 0.000014 -25.897733 -0.131526 
283 -0.134440 0.000000 -0.045573 100.998070 0.000018 -23.464199 -0.075118 
284 -0.087728 0.000000 -0.091146 104.731808 0.000007 -22.670916 -0.148272 
285 -0.017660 0.000000 -0.022786 117.761162 0.000012 -39.416425 -0.542135 
286 -0.041016 0.000000 -0.022786 106.706376 0.000014 -34.671057 -0.258833 
287 -0.017660 0.000000 -0.045573 115.760827 -0.000003 -28.209064 -0.419632 
1 10 13 3 14 
2 11 10 14 9 
3 15 11 9 18 
4 16 15 18 4 
5 7 21 19 20 
6 21 2 22 19 
7 23 26 10 27 
8 24 23 27 11 
9 1 30 28 29 
10 30 7 20 28 
11 31 24 11 34 
12 32 31 34 15 
13 20 37 35 36 
14 37 19 38 35 
15 39 42 23 43 
16 40 39 43 24 
17 28 46 44 45 
18 46 20 36 44 
19 47 40 24 50 
20 48 47 50 31 
21 36 53 51 52 
22 53 35 54 51 
23 55 58 39 59 
24 56 55 59 40 
25 44 62 60 61 
26 62 36 52 60 
27 63 56 40 66 
28 64 63 66 47 
29 52 69 67 68 
30 69 51 70 67 
31 71 74 55 75 
32 72 71 75 56 
33 60 78 76 77 
34 78 52 68 76 
35 79 72 56 82 
36 80 79 82 63 
37 68 85 83 84 
38 85 67 86 83 
39 87 90 71 91 
40 88 87 91 72 
41 76 94 92 93 
42 94 68 84 92 
43 84 97 95 96 
44 97 83 98 95 
45 12 100 99 26 
46 100 8 101 99 
47 99 101 13 102 
48 26 99 102 10 
49 25 104 103 42 
50 104 12 105 103 
51 103 105 26 106 
52 42 103 106 23 
53 41 108 107 58 
54 108 25 109 107 
55 107 109 42 110 
56 58 107 110 39 
57 57 112 111 74 
58 112 41 113 111 
59 111 113 58 114 
60 74 111 114 55 
61 116 57 117 115 
62 115 117 74 118 
63 90 115 118 71 
64 119 122 90 123 
65 120 119 123 87 
66 124 88 72 127 
67 125 124 127 79 
68 128 120 87 131 
69 129 128 131 88 
70 19 133 132 38 
71 133 22 134 132 
72 132 134 8 100 
73 38 132 100 12 
74 35 136 135 54 
75 136 38 137 135 
76 135 137 12 104 
77 54 135 104 25 
78 51 139 138 70 
79 139 54 140 138 
80 138 140 25 108 
81 70 138 108 41 
82 67 142 141 86 
83 142 70 143 141 
84 141 143 41 112 
85 86 141 112 57 
86 83 145 144 98 
87 145 86 146 144 
88 144 146 57 116 
89 95 149 147 148 
90 149 98 150 147 
91 89 153 151 152 
92 151 154 119 155 
93 152 151 155 120 
94 92 158 156 157 
95 158 84 96 156 
96 96 161 159 160 
97 161 95 148 159 
98 130 164 162 163 
99 164 89 152 162 
100 162 152 120 165 
101 163 162 165 128 
102 166 129 88 169 
103 167 166 169 124 
104 156 172 170 171 
105 172 96 160 170 
106 168 175 173 174 
107 175 5 176 173 
108 173 176 129 177 
109 174 173 177 166 
110 6 180 178 179 
111 180 17 32 178 
112 178 32 15 181 
113 179 178 181 16 
114 17 184 182 183 
115 184 33 48 182 
116 182 48 31 185 
117 183 182 185 32 
118 33 188 186 187 
119 188 49 64 186 
120 186 64 47 189 
121 187 186 189 48 
122 49 192 190 191 
123 192 65 80 190 
124 190 80 63 193 
125 191 190 193 64 
126 65 196 194 195 
127 194 125 79 197 
128 195 194 197 80 
129 198 167 124 201 
130 199 198 201 125 
131 126 204 202 203 
132 204 168 174 202 
133 202 174 166 205 
134 203 202 205 167 
135 29 208 206 207 
136 208 28 45 206 
137 206 45 17 180 
138 207 206 180 6 
139 45 211 209 210 
140 211 44 61 209 
141 209 61 33 184 
142 210 209 184 17 
143 61 214 212 213 
144 214 60 77 212 
145 212 77 49 188 
146 213 212 188 33 
147 77 217 215 216 
148 217 76 93 215 
149 215 93 65 192 
150 216 215 192 49 
151 93 220 218 219 
152 220 92 157 218 
153 219 218 196 65 
154 157 223 221 222 
155 223 156 171 221 
156 226 126 203 224 
157 224 203 167 227 
158 225 224 227 198 
159 196 230 228 229 
160 230 81 199 228 
161 228 199 125 231 
162 229 228 231 194 
163 81 234 232 233 
164 234 200 225 232 
165 232 225 198 235 
166 233 232 235 199 
167 221 238 236 237 
168 238 171 239 236 
169 236 239 126 226 
170 237 236 226 200 
171 200 242 240 241 
172 242 226 243 240 
173 240 243 224 244 
174 241 240 244 225 
175 148 247 245 246 
176 247 147 248 245 
177 245 248 121 153 
178 246 245 153 89 
179 73 250 249 122 
180 250 116 251 249 
181 249 251 115 252 
182 122 249 252 90 
183 121 254 253 154 
184 254 73 255 253 
185 253 255 122 256 
186 154 253 256 119 
187 153 259 257 258 
188 259 121 260 257 
189 257 260 154 261 
190 258 257 261 151 
191 98 263 262 150 
192 263 144 264 262 
193 262 264 116 250 
194 150 262 250 73 
195 147 266 265 248 
196 266 150 267 265 
197 265 267 73 254 
198 248 265 254 121 
199 5 269 268 176 
200 269 130 163 268 
201 268 163 128 270 
202 176 268 270 129 
203 159 273 271 272 
204 273 148 246 271 
205 271 246 89 164 
206 272 271 164 130 
207 160 276 274 275 
208 276 159 272 274 
209 274 272 130 269 
210 275 274 269 5 
211 170 279 277 278 
212 279 160 275 277 
213 277 275 5 175 
214 278 277 175 168 
215 171 281 280 239 
216 281 170 278 280 
217 280 278 168 204 
218 239 280 204 126 
219 218 284 282 283 
220 284 157 222 282 
221 282 222 81 230 
222 283 282 230 196 
223 222 287 285 286 
224 287 221 237 285 
225 285 237 200 234 
226 286 285 234 81 
