2 0.000000 100.000000 5791.461216
287 226 
1 -5.833333 0.000000 -5.833333 100.000000 -0.000000 0.000000 -0.000000 
2 6.125000 0.000000 -5.833333 100.000000 -0.000000 -0.000000 -0.000000 
3 6.125000 0.000000 5.833333 100.000000 0.000000 -0.000000 -0.000000 
4 -5.833333 0.000000 5.833333 100.000000 0.000000 0.000000 -0.000000 
5 0.145833 0.000000 0.000000 100.000000 -0.000000 0.000000 -0.000000 
6 -5.833333 0.000000 0.000000 100.000000 0.000000 0.000000 -0.000000 
7 0.145833 0.000000 -5.833333 100.000000 -0.000000 -0.000000 -0.000000 
8 6.125000 0.000000 0.000000 100.000000 0.000000 -0.000000 -0.000000 
9 0.145833 0.000000 5.833333 100.000000 0.000000 -0.000000 -0.000000 
10 3.135417 0.000000 2.916667 100.000000 0.000000 -0.000000 -0.000000 
11 0.145833 0.000000 2.916667 100.000000 0.000000 -0.000000 -0.000000 
12 3.135417 0.000000 0.000000 100.000000 0.000000 -0.000000 -0.000000 
13 6.125000 0.000000 2.916667 100.000000 0.000000 -0.000000 -0.000000 
14 3.135417 0.000000 5.833333 100.000000 0.000000 -0.000000 -0.000000 
15 -2.843750 0.000000 2.916667 100.000000 0.000000 0.000000 -0.000000 
16 -5.833333 0.000000 2.916667 100.000000 0.000000 0.000000 -0.000000 
17 -2.843750 0.000000 0.000000 100.000000 0.000000 0.000000 -0.000000 
18 -2.843750 0.000000 5.833333 100.000000 0.000000 -0.000000 -0.000000 
19 3.135417 0.000000 -2.916667 100.000000 0.000000 -0.000000 -0.000000 
20 0.145833 0.000000 -2.916667 100.000000 0.000000 -0.000000 -0.000000 
21 3.135417 0.000000 -5.833333 100.000000 -0.000000 -0.000000 -0.000000 
22 6.125000 0.000000 -2.916667 100.000000 0.000000 -0.000000 -0.000000 
23 1.640625 0.000000 1.458333 100.000000 0.000000 -0.000000 -0.000000 
24 0.145833 0.000000 1.458333 100.000000 0.000000 -0.000000 -0.000000 
25 1.640625 0.000000 0.000000 100.000000 0.000000 -0.000000 -0.000000 
26 3.135417 0.000000 1.458333 100.000000 0.000000 -0.000000 -0.000000 
27 1.640625 0.000000 2.916667 100.000000 0.000000 -0.000000 -0.000000 
28 -2.843750 0.000000 -2.916667 100.000000 0.000000 0.000000 -0.000000 
29 -5.833333 0.000000 -2.916667 100.000000 0.000000 0.000000 -0.000000 
30 -2.843750 0.000000 -5.833333 100.000000 -0.000000 -0.000000 -0.000000 
31 -1.348958 0.000000 1.458333 100.000000 0.000000 0.000000 -0.000000 
32 -2.843750 0.000000 1.458333 100.000000 0.000000 0.000000 -0.000000 
33 -1.348958 0.000000 0.000000 100.000000 0.000000 0.000000 -0.000000 
34 -1.348958 0.000000 2.916667 100.000000 0.000000 -0.000000 -0.000000 
35 1.640625 0.000000 -1.458333 100.000000 0.000000 -0.000000 -0.000000 
36 0.145833 0.000000 -1.458333 100.000000 0.000000 -0.000000 -0.000000 
37 1.640625 0.000000 -2.916667 100.000000 0.000000 -0.000000 -0.000000 
38 3.135417 0.000000 -1.458333 100.000000 0.000000 -0.000000 -0.000000 
39 0.893229 0.000000 0.729167 100.000000 0.000000 -0.000000 -0.000000 
40 0.145833 0.000000 0.729167 100.000000 0.000000 -0.000000 -0.000000 
41 0.893229 0.000000 0.000000 100.000000 0.000000 -0.000000 -0.000000 
42 1.640625 0.000000 0.729167 100.000000 0.000000 -0.000000 -0.000000 
43 0.893229 0.000000 1.458333 100.000000 0.000000 -0.000000 -0.000000 
44 -1.348958 0.000000 -1.458333 100.000000 0.000000 0.000000 -0.000000 
45 -2.843750 0.000000 -1.458333 100.000000 0.000000 0.000000 -0.000000 
46 -1.348958 0.000000 -2.916667 100.000000 0.000000 -0.000000 -0.000000 
47 -0.601562 0.000000 0.729167 100.000000 0.000000 0.000000 -0.000000 
48 -1.348958 0.000000 0.729167 100.000000 0.000000 0.000000 -0.000000 
49 -0.601562 0.000000 0.000000 100.000000 0.000000 0.000000 -0.000000 
50 -0.601562 0.000000 1.458333 100.000000 0.000000 -0.000000 -0.000000 
51 0.893229 0.000000 -0.729167 100.000000 -0.000000 -0.000000 -0.000000 
52 0.145833 0.000000 -0.729167 100.000000 -0.000000 -0.000000 0.000000 
53 0.893229 0.000000 -1.458333 100.000000 0.000000 -0.000000 -0.000000 
54 1.640625 0.000000 -0.729167 100.000000 -0.000000 -0.000000 -0.000000 
55 0.519531 0.000000 0.364583 100.000000 0.000000 -0.000000 -0.000000 
56 0.145833 0.000000 0.364583 100.000000 0.000000 -0.000000 -0.000000 
57 0.519531 0.000000 0.000000 100.000000 0.000000 -0.000000 -0.000000 
58 0.893229 0.000000 0.364583 100.000000 0.000000 -0.000000 -0.000000 
59 0.519531 0.000000 0.729167 100.000000 0.000000 -0.000000 -0.000000 
60 -0.601562 0.000000 -0.729167 100.000000 0.000000 0.000000 -0.000000 
61 -1.348958 0.000000 -0.729167 100.000000 0.000000 0.000000 -0.000000 
62 -0.601562 0.000000 -1.458333 100.000000 0.000000 -0.000000 -0.000000 
63 -0.227865 0.000000 0.364583 100.000000 0.000000 0.000000 -0.000000 
64 -0.601562 0.000000 0.364583 100.000000 0.000000 0.000000 -0.000000 
65 -0.227865 0.000000 0.000000 100.000000 0.000000 0.000000 -0.000000 
66 -0.227865 0.000000 0.729167 100.000000 0.000000 -0.000000 -0.000000 
67 0.519531 0.000000 -0.364583 100.000000 -0.000000 -0.000000 0.000000 
68 0.145833 0.000000 -0.364583 100.000000 -0.000000 -0.000000 0.000000 
69 0.519531 0.000000 -0.729167 100.000000 -0.000000 -0.000000 -0.000000 
70 0.893229 0.000000 -0.364583 100.000000 -0.000000 -0.000000 -0.000000 
71 0.332682 0.000000 0.182292 100.000000 0.000000 -0.000000 -0.000000 
72 0.145833 0.000000 0.182292 100.000000 0.000000 -0.000000 -0.000000 
73 0.332682 0.000000 0.000000 100.000000 -0.000000 -0.000000 -0.000000 
74 0.519531 0.000000 0.182292 100.000000 0.000000 -0.000000 -0.000000 
75 0.332682 0.000000 0.364583 100.000000 0.000000 -0.000000 -0.000000 
76 -0.227865 0.000000 -0.364583 100.000000 -0.000000 0.000000 0.000000 
77 -0.601562 0.000000 -0.364583 100.000000 0.000000 0.000000 -0.000000 
78 -0.227865 0.000000 -0.729167 100.000000 0.000000 -0.000000 -0.000000 
79 -0.041016 0.000000 0.182292 100.000000 0.000000 0.000000 -0.000000 
80 -0.227865 0.000000 0.182292 100.000000 0.000000 0.000000 -0.000000 
81 -0.041016 0.000000 0.000000 100.000000 0.000000 0.000000 -0.000000 
82 -0.041016 0.000000 0.364583 100.000000 0.000000 -0.000000 -0.000000 
83 0.332682 0.000000 -0.182292 100.000000 -0.000000 -0.000000 0.000000 
84 0.145833 0.000000 -0.182292 100.000000 -0.000000 -0.000000 0.000000 
85 0.332682 0.000000 -0.364583 100.000000 -0.000000 -0.000000 0.000000 
86 0.519531 0.000000 -0.182292 100.000000 -0.000000 -0.000000 0.000000 
87 0.239258 0.000000 0.091146 100.000000 0.000000 -0.000000 -0.000000 
88 0.145833 0.000000 0.091146 100.000000 0.000000 -0.000000 -0.000000 
89 0.239258 0.000000 0.000000 100.000000 -0.000000 0.000000 -0.000000 
90 0.332682 0.000000 0.091146 100.000000 0.000000 -0.000000 -0.000000 
91 0.239258 0.000000 0.182292 100.000000 0.000000 -0.000000 -0.000000 
92 -0.041016 0.000000 -0.182292 100.000000 -0.000000 0.000000 0.000000 
93 -0.227865 0.000000 -0.182292 100.000000 -0.000000 0.000000 0.000000 
94 -0.041016 0.000000 -0.364583 100.000000 -0.000000 -0.000000 0.000000 
95 0.239258 0.000000 -0.091146 100.000000 -0.000000 -0.000000 0.000000 
96 0.145833 0.000000 -0.091146 100.000000 -0.000000 -0.000000 0.000000 
97 0.239258 0.000000 -0.182292 100.000000 -0.000000 -0.000000 0.000000 
98 0.332682 0.000000 -0.091146 100.000000 -0.000000 -0.000000 0.000000 
99 4.630208 0.000000 1.458333 100.000000 0.000000 -0.000000 -0.000000 
100 4.630208 0.000000 0.000000 100.000000 0.000000 -0.000000 -0.000000 
101 6.125000 0.000000 1.458333 100.000000 0.000000 -0.000000 -0.000000 
102 4.630208 0.000000 2.916667 100.000000 0.000000 -0.000000 -0.000000 
103 2.388021 0.000000 0.729167 100.000000 0.000000 -0.000000 -0.000000 
104 2.388021 0.000000 0.000000 100.000000 0.000000 -0.000000 -0.000000 
105 3.135417 0.000000 0.729167 100.000000 0.000000 -0.000000 -0.000000 
106 2.388021 0.000000 1.458333 100.000000 0.000000 -0.000000 -0.000000 
107 1.266927 0.000000 0.364583 100.000000 0.000000 -0.000000 -0.000000 
108 1.266927 0.000000 0.000000 100.000000 0.000000 -0.000000 -0.000000 
109 1.640625 0.000000 0.364583 100.000000 0.000000 -0.000000 -0.000000 
110 1.266927 0.000000 0.729167 100.000000 0.000000 -0.000000 -0.000000 
111 0.706380 0.000000 0.182292 100.000000 -0.000000 -0.000000 -0.000000 
112 0.706380 0.000000 0.000000 100.000000 0.000000 -0.000000 -0.000000 
113 0.893229 0.000000 0.182292 100.000000 -0.000000 -0.000000 -0.000000 
114 0.706380 0.000000 0.364583 100.000000 0.000000 -0.000000 -0.000000 
115 0.426107 0.000000 0.091146 100.000000 0.000000 -0.000000 -0.000000 
116 0.426107 0.000000 0.000000 100.000000 0.000000 -0.000000 -0.000000 
117 0.519531 0.000000 0.091146 100.000000 0.000000 -0.000000 -0.000000 
118 0.426107 0.000000 0.182292 100.000000 0.000000 -0.000000 -0.000000 
119 0.285970 0.000000 0.045573 100.000000 0.000000 -0.000000 -0.000000 
120 0.239258 0.000000 0.045573 100.000000 0.000000 -0.000000 -0.000000 
121 0.285970 0.000000 0.000000 100.000000 -0.000000 -0.000000 -0.000000 
122 0.332682 0.000000 0.045573 100.000000 0.000000 -0.000000 -0.000000 
123 0.285970 0.000000 0.091146 100.000000 0.000000 -0.000000 -0.000000 
124 0.052409 0.000000 0.091146 100.000000 0.000000 0.000000 -0.000000 
125 -0.041016 0.000000 0.091146 100.000000 0.000000 0.000000 -0.000000 
126 0.052409 0.000000 0.000000 100.000000 -0.000000 -0.000000 -0.000000 
127 0.052409 0.000000 0.182292 100.000000 0.000000 -0.000000 -0.000000 
128 0.192546 0.000000 0.045573 100.000000 0.000000 -0.000000 -0.000000 
129 0.145833 0.000000 0.045573 100.000000 0.000000 -0.000000 -0.000000 
130 0.192546 0.000000 0.000000 100.000000 -0.000000 -0.000000 -0.000000 
131 0.192546 0.000000 0.091146 100.000000 0.000000 -0.000000 -0.000000 
132 4.630208 0.000000 -1.458333 100.000000 0.000000 -0.000000 -0.000000 
133 4.630208 0.000000 -2.916667 100.000000 0.000000 -0.000000 -0.000000 
134 6.125000 0.000000 -1.458333 100.000000 0.000000 -0.000000 -0.000000 
135 2.388021 0.000000 -0.729167 100.000000 0.000000 -0.000000 -0.000000 
136 2.388021 0.000000 -1.458333 100.000000 0.000000 -0.000000 -0.000000 
137 3.135417 0.000000 -0.729167 100.000000 0.000000 -0.000000 -0.000000 
138 1.266927 0.000000 -0.364583 100.000000 -0.000000 -0.000000 -0.000000 
139 1.266927 0.000000 -0.729167 100.000000 -0.000000 -0.000000 -0.000000 
140 1.640625 0.000000 -0.364583 100.000000 -0.000000 -0.000000 -0.000000 
141 0.706380 0.000000 -0.182292 100.000000 -0.000000 -0.000000 -0.000000 
142 0.706380 0.000000 -0.364583 100.000000 -0.000000 -0.000000 -0.000000 
143 0.893229 0.000000 -0.182292 100.000000 -0.000000 -0.000000 -0.000000 
144 0.426107 0.000000 -0.091146 100.000000 -0.000000 -0.000000 0.000000 
145 0.426107 0.000000 -0.182292 100.000000 -0.000000 -0.000000 0.000000 
146 0.519531 0.000000 -0.091146 100.000000 -0.000000 -0.000000 0.000000 
147 0.285970 0.000000 -0.045573 100.000000 -0.000000 -0.000000 0.000000 
148 0.239258 0.000000 -0.045573 100.000000 -0.000000 -0.000000 0.000000 
149 0.285970 0.000000 -0.091146 100.000000 -0.000000 -0.000000 0.000000 
150 0.332682 0.000000 -0.045573 100.000000 -0.000000 -0.000000 0.000000 
151 0.262614 0.000000 0.022786 100.000000 0.000000 0.000000 -0.000000 
152 0.239258 0.000000 0.022786 100.000000 0.000000 -0.000000 -0.000000 
153 0.262614 0.000000 0.000000 100.000000 -0.000000 0.000000 -0.000000 
154 0.285970 0.000000 0.022786 100.000000 0.000000 -0.000000 -0.000000 
155 0.262614 0.000000 0.045573 100.000000 0.000000 -0.000000 -0.000000 
156 0.052409 0.000000 -0.091146 100.000000 -0.000000 0.000000 0.000000 
157 -0.041016 0.000000 -0.091146 100.000000 -0.000000 0.000000 0.000000 
158 0.052409 0.000000 -0.182292 100.000000 -0.000000 -0.000000 0.000000 
159 0.192546 0.000000 -0.045573 100.000000 -0.000000 -0.000000 0.000000 
160 0.145833 0.000000 -0.045573 100.000000 -0.000000 -0.000000 0.000000 
161 0.192546 0.000000 -0.091146 100.000000 -0.000000 -0.000000 0.000000 
162 0.215902 0.000000 0.022786 100.000000 -0.000000 -0.000000 -0.000000 
163 0.192546 0.000000 0.022786 100.000000 -0.000000 0.000000 -0.000000 
164 0.215902 0.000000 0.000000 100.000000 -0.000000 -0.000000 -0.000000 
165 0.215902 0.000000 0.045573 100.000000 0.000000 -0.000000 -0.000000 
166 0.099121 0.000000 0.045573 100.000000 0.000000 0.000000 -0.000000 
167 0.052409 0.000000 0.045573 100.000000 0.000000 -0.000000 -0.000000 
168 0.099121 0.000000 0.000000 100.000000 -0.000000 0.000000 -0.000000 
169 0.099121 0.000000 0.091146 100.000000 0.000000 -0.000000 -0.000000 
170 0.099121 0.000000 -0.045573 100.000000 -0.000000 0.000000 0.000000 
171 0.052409 0.000000 -0.045573 100.000000 -0.000000 -0.000000 0.000000 
172 0.099121 0.000000 -0.091146 100.000000 -0.000000 -0.000000 0.000000 
173 0.122477 0.000000 0.022786 100.000000 -0.000000 0.000000 -0.000000 
174 0.099121 0.000000 0.022786 100.000000 -0.000000 0.000000 -0.000000 
175 0.122477 0.000000 0.000000 100.000000 -0.000000 0.000000 -0.000000 
176 0.145833 0.000000 0.022786 100.000000 -0.000000 0.000000 -0.000000 
177 0.122477 0.000000 0.045573 100.000000 0.000000 0.000000 -0.000000 
178 -4.338542 0.000000 1.458333 100.000000 0.000000 0.000000 -0.000000 
179 -5.833333 0.000000 1.458333 100.000000 0.000000 0.000000 -0.000000 
180 -4.338542 0.000000 0.000000 100.000000 0.000000 0.000000 -0.000000 
181 -4.338542 0.000000 2.916667 100.000000 0.000000 0.000000 -0.000000 
182 -2.096354 0.000000 0.729167 100.000000 0.000000 0.000000 -0.000000 
183 -2.843750 0.000000 0.729167 100.000000 0.000000 0.000000 -0.000000 
184 -2.096354 0.000000 0.000000 100.000000 0.000000 0.000000 -0.000000 
185 -2.096354 0.000000 1.458333 100.000000 0.000000 0.000000 -0.000000 
186 -0.975260 0.000000 0.364583 100.000000 0.000000 0.000000 -0.000000 
187 -1.348958 0.000000 0.364583 100.000000 0.000000 0.000000 -0.000000 
188 -0.975260 0.000000 0.000000 100.000000 0.000000 0.000000 -0.000000 
189 -0.975260 0.000000 0.729167 100.000000 0.000000 0.000000 -0.000000 
190 -0.414714 0.000000 0.182292 100.000000 0.000000 0.000000 -0.000000 
191 -0.601562 0.000000 0.182292 100.000000 0.000000 0.000000 -0.000000 
192 -0.414714 0.000000 0.000000 100.000000 0.000000 0.000000 -0.000000 
193 -0.414714 0.000000 0.364583 100.000000 0.000000 0.000000 -0.000000 
194 -0.134440 0.000000 0.091146 100.000000 0.000000 0.000000 -0.000000 
195 -0.227865 0.000000 0.091146 100.000000 0.000000 0.000000 -0.000000 
196 -0.134440 0.000000 0.000000 100.000000 0.000000 0.000000 -0.000000 
197 -0.134440 0.000000 0.182292 100.000000 0.000000 0.000000 -0.000000 
198 0.005697 0.000000 0.045573 100.000000 0.000000 0.000000 -0.000000 
199 -0.041016 0.000000 0.045573 100.000000 0.000000 0.000000 -0.000000 
200 0.005697 0.000000 0.000000 100.000000 -0.000000 0.000000 -0.000000 
201 0.005697 0.000000 0.091146 100.000000 0.000000 0.000000 -0.000000 
202 0.075765 0.000000 0.022786 100.000000 -0.000000 -0.000000 -0.000000 
203 0.052409 0.000000 0.022786 100.000000 0.000000 -0.000000 -0.000000 
204 0.075765 0.000000 0.000000 100.000000 -0.000000 0.000000 -0.000000 
205 0.075765 0.000000 0.045573 100.000000 0.000000 -0.000000 -0.000000 
206 -4.338542 0.000000 -1.458333 100.000000 0.000000 0.000000 -0.000000 
207 -5.833333 0.000000 -1.458333 100.000000 0.000000 0.000000 -0.000000 
208 -4.338542 0.000000 -2.916667 100.000000 0.000000 0.000000 -0.000000 
209 -2.096354 0.000000 -0.729167 100.000000 0.000000 0.000000 -0.000000 
210 -2.843750 0.000000 -0.729167 100.000000 0.000000 0.000000 -0.000000 
211 -2.096354 0.000000 -1.458333 100.000000 0.000000 0.000000 -0.000000 
212 -0.975260 0.000000 -0.364583 100.000000 0.000000 0.000000 -0.000000 
213 -1.348958 0.000000 -0.364583 100.000000 0.000000 0.000000 -0.000000 
214 -0.975260 0.000000 -0.729167 100.000000 0.000000 0.000000 -0.000000 
215 -0.414714 0.000000 -0.182292 100.000000 0.000000 0.000000 -0.000000 
216 -0.601562 0.000000 -0.182292 100.000000 0.000000 0.000000 -0.000000 
217 -0.414714 0.000000 -0.364583 100.000000 0.000000 0.000000 -0.000000 
218 -0.134440 0.000000 -0.091146 100.000000 -0.000000 0.000000 0.000000 
219 -0.227865 0.000000 -0.091146 100.000000 0.000000 0.000000 -0.000000 
220 -0.134440 0.000000 -0.182292 100.000000 -0.000000 0.000000 0.000000 
221 0.005697 0.000000 -0.045573 100.000000 -0.000000 0.000000 0.000000 
222 -0.041016 0.000000 -0.045573 100.000000 -0.000000 0.000000 0.000000 
223 0.005697 0.000000 -0.091146 100.000000 -0.000000 0.000000 0.000000 
224 0.029053 0.000000 0.022786 100.000000 0.000000 -0.000000 -0.000000 
225 0.005697 0.000000 0.022786 100.000000 -0.000000 0.000000 -0.000000 
226 0.029053 0.000000 0.000000 100.000000 -0.000000 -0.000000 -0.000000 
227 0.029053 0.000000 0.045573 100.000000 0.000000 0.000000 -0.000000 
228 -0.087728 0.000000 0.045573 100.000000 0.000000 0.000000 -0.000000 
229 -0.134440 0.000000 0.045573 100.000000 0.000000 0.000000 -0.000000 
230 -0.087728 0.000000 0.000000 100.000000 0.000000 0.000000 -0.000000 
231 -0.087728 0.000000 0.091146 100.000000 0.000000 0.000000 -0.000000 
232 -0.017660 0.000000 0.022786 100.000000 -0.000000 0.000000 -0.000000 
233 -0.041016 0.000000 0.022786 100.000000 0.000000 0.000000 -0.000000 
234 -0.017660 0.000000 0.000000 100.000000 -0.000000 0.000000 -0.000000 
235 -0.017660 0.000000 0.045573 100.000000 0.000000 0.000000 -0.000000 
236 0.029053 0.000000 -0.022786 100.000000 -0.000000 -0.000000 0.000000 
237 0.005697 0.000000 -0.022786 100.000000 0.000000 0.000000 0.000000 
238 0.029053 0.000000 -0.045573 100.000000 -0.000000 0.000000 0.000000 
239 0.052409 0.000000 -0.022786 100.000000 -0.000000 -0.000000 0.000000 
240 0.017375 0.000000 0.011393 100.000000 -0.000000 0.000000 -0.000000 
241 0.005697 0.000000 0.011393 100.000000 -0.000000 0.000000 -0.000000 
242 0.017375 0.000000 0.000000 100.000000 -0.000000 0.000000 -0.000000 
243 0.029053 0.000000 0.011393 100.000000 -0.000000 -0.000000 -0.000000 
244 0.017375 0.000000 0.022786 100.000000 -0.000000 0.000000 -0.000000 
245 0.262614 0.000000 -0.022786 100.000000 -0.000000 0.000000 0.000000 
246 0.239258 0.000000 -0.022786 100.000000 -0.000000 -0.000000 0.000000 
247 0.262614 0.000000 -0.045573 100.000000 -0.000000 -0.000000 0.000000 
248 0.285970 0.000000 -0.022786 100.000000 -0.000000 -0.000000 0.000000 
249 0.379395 0.000000 0.045573 100.000000 0.000000 -0.000000 -0.000000 
250 0.379395 0.000000 0.000000 100.000000 0.000000 -0.000000 -0.000000 
251 0.426107 0.000000 0.045573 100.000000 0.000000 -0.000000 -0.000000 
252 0.379395 0.000000 0.091146 100.000000 0.000000 -0.000000 -0.000000 
253 0.309326 0.000000 0.022786 100.000000 -0.000000 -0.000000 -0.000000 
254 0.309326 0.000000 0.000000 100.000000 -0.000000 -0.000000 -0.000000 
255 0.332682 0.000000 0.022786 100.000000 -0.000000 -0.000000 -0.000000 
256 0.309326 0.000000 0.045573 100.000000 0.000000 -0.000000 -0.000000 
257 0.274292 0.000000 0.011393 100.000000 -0.000000 -0.000000 -0.000000 
258 0.262614 0.000000 0.011393 100.000000 -0.000000 0.000000 -0.000000 
259 0.274292 0.000000 0.000000 100.000000 -0.000000 -0.000000 -0.000000 
260 0.285970 0.000000 0.011393 100.000000 -0.000000 -0.000000 -0.000000 
261 0.274292 0.000000 0.022786 100.000000 0.000000 -0.000000 -0.000000 
262 0.169189 0.000000 0.022786 100.000000 -0.000000 0.000000 -0.000000 
263 0.169189 0.000000 0.000000 100.000000 -0.000000 0.000000 -0.000000 
264 0.169189 0.000000 0.045573 100.000000 -0.000000 -0.000000 -0.000000 
265 0.379395 0.000000 -0.045573 100.000000 -0.000000 -0.000000 0.000000 
266 0.379395 0.000000 -0.091146 100.000000 -0.000000 -0.000000 0.000000 
267 0.426107 0.000000 -0.045573 100.000000 -0.000000 -0.000000 0.000000 
268 0.309326 0.000000 -0.022786 100.000000 -0.000000 -0.000000 0.000000 
269 0.309326 0.000000 -0.045573 100.000000 -0.000000 -0.000000 0.000000 
270 0.332682 0.000000 -0.022786 100.000000 -0.000000 -0.000000 0.000000 
271 0.215902 0.000000 -0.022786 100.000000 -0.000000 -0.000000 -0.000000 
272 0.192546 0.000000 -0.022786 100.000000 -0.000000 0.000000 -0.000000 
273 0.215902 0.000000 -0.045573 100.000000 -0.000000 -0.000000 0.000000 
274 0.169189 0.000000 -0.022786 100.000000 -0.000000 0.000000 -0.000000 
275 0.145833 0.000000 -0.022786 100.000000 -0.000000 0.000000 -0.000000 
276 0.169189 0.000000 -0.045573 100.000000 -0.000000 -0.000000 0.000000 
277 0.122477 0.000000 -0.022786 100.000000 -0.000000 0.000000 -0.000000 
278 0.099121 0.000000 -0.022786 100.000000 -0.000000 0.000000 -0.000000 
279 0.122477 0.000000 -0.045573 100.000000 -0.000000 0.000000 0.000000 
280 0.075765 0.000000 -0.022786 100.000000 -0.000000 -0.000000 -0.000000 
281 0.075765 0.000000 -0.045573 100.000000 -0.000000 -0.000000 0.000000 
282 -0.087728 0.000000 -0.045573 100.000000 -0.000000 0.000000 0.000000 
283 -0.134440 0.000000 -0.045573 100.000000 -0.000000 0.000000 0.000000 
284 -0.087728 0.000000 -0.091146 100.000000 -0.000000 0.000000 0.000000 
285 -0.017660 0.000000 -0.022786 100.000000 0.000000 0.000000 0.000000 
286 -0.041016 0.000000 -0.022786 100.000000 -0.000000 0.000000 0.000000 
287 -0.017660 0.000000 -0.045573 100.000000 -0.000000 0.000000 0.000000 
1 10 13 3 14 
2 11 10 14 9 
3 15 11 9 18 
4 16 15 18 4 
5 7 21 19 20 
6 21 2 22 19 
7 23 26 10 27 
8 24 23 27 11 
9 1 30 28 29 
10 30 7 20 28 
11 31 24 11 34 
12 32 31 34 15 
13 20 37 35 36 
14 37 19 38 35 
15 39 42 23 43 
16 40 39 43 24 
17 28 46 44 45 
18 46 20 36 44 
19 47 40 24 50 
20 48 47 50 31 
21 36 53 51 52 
22 53 35 54 51 
23 55 58 39 59 
24 56 55 59 40 
25 44 62 60 61 
26 62 36 52 60 
27 63 56 40 66 
28 64 63 66 47 
29 52 69 67 68 
30 69 51 70 67 
31 71 74 55 75 
32 72 71 75 56 
33 60 78 76 77 
34 78 52 68 76 
35 79 72 56 82 
36 80 79 82 63 
37 68 85 83 84 
38 85 67 86 83 
39 87 90 71 91 
40 88 87 91 72 
41 76 94 92 93 
42 94 68 84 92 
43 84 97 95 96 
44 97 83 98 95 
45 12 100 99 26 
46 100 8 101 99 
47 99 101 13 102 
48 26 99 102 10 
49 25 104 103 42 
50 104 12 105 103 
51 103 105 26 106 
52 42 103 106 23 
53 41 108 107 58 
54 108 25 109 107 
55 107 109 42 110 
56 58 107 110 39 
57 57 112 111 74 
58 112 41 113 111 
59 111 113 58 114 
60 74 111 114 55 
61 116 57 117 115 
62 115 117 74 118 
63 90 115 118 71 
64 119 122 90 123 
65 120 119 123 87 
66 124 88 72 127 
67 125 124 127 79 
68 128 120 87 131 
69 129 128 131 88 
70 19 133 132 38 
71 133 22 134 132 
72 132 134 8 100 
73 38 132 100 12 
74 35 136 135 54 
75 136 38 137 135 
76 135 137 12 104 
77 54 135 104 25 
78 51 139 138 70 
79 139 54 140 138 
80 138 140 25 108 
81 70 138 108 41 
82 67 142 141 86 
83 142 70 143 141 
84 141 143 41 112 
85 86 141 112 57 
86 83 145 144 98 
87 145 86 146 144 
88 144 146 57 116 
89 95 149 147 148 
90 149 98 150 147 
91 89 153 151 152 
92 151 154 119 155 
93 152 151 155 120 
94 92 158 156 157 
95 158 84 96 156 
96 96 161 159 160 
97 161 95 148 159 
98 130 164 162 163 
99 164 89 152 162 
100 162 152 120 165 
101 163 162 165 128 
102 166 129 88 169 
103 167 166 169 124 
104 156 172 170 171 
105 172 96 160 170 
106 168 175 173 174 
107 175 5 176 173 
108 173 176 129 177 
109 174 173 177 166 
110 6 180 178 179 
111 180 17 32 178 
112 178 32 15 181 
113 179 178 181 16 
114 17 184 182 183 
115 184 33 48 182 
116 182 48 31 185 
117 183 182 185 32 
118 33 188 186 187 
119 188 49 64 186 
120 186 64 47 189 
121 187 186 189 48 
122 49 192 190 191 
123 192 65 80 190 
124 190 80 63 193 
125 191 190 193 64 
126 65 196 194 195 
127 194 125 79 197 
128 195 194 197 80 
129 198 167 124 201 
130 199 198 201 125 
131 126 204 202 203 
132 204 168 174 202 
133 202 174 166 205 
134 203 202 205 167 
135 29 208 206 207 
136 208 28 45 206 
137 206 45 17 180 
138 207 206 180 6 
139 45 211 209 210 
140 211 44 61 209 
141 209 61 33 184 
142 210 209 184 17 
143 61 214 212 213 
144 214 60 77 212 
145 212 77 49 188 
146 213 212 188 33 
147 77 217 215 216 
148 217 76 93 215 
149 215 93 65 192 
150 216 215 192 49 
151 93 220 218 219 
152 220 92 157 218 
153 219 218 196 65 
154 157 223 221 222 
155 223 156 171 221 
156 226 126 203 224 
157 224 203 167 227 
158 225 224 227 198 
159 196 230 228 229 
160 230 81 199 228 
161 228 199 125 231 
162 229 228 231 194 
163 81 234 232 233 
164 234 200 225 232 
165 232 225 198 235 
166 233 232 235 199 
167 221 238 236 237 
168 238 171 239 236 
169 236 239 126 226 
170 237 236 226 200 
171 200 242 240 241 
172 242 226 243 240 
173 240 243 224 244 
174 241 240 244 225 
175 148 247 245 246 
176 247 147 248 245 
177 245 248 121 153 
178 246 245 153 89 
179 73 250 249 122 
180 250 116 251 249 
181 249 251 115 252 
182 122 249 252 90 
183 121 254 253 154 
184 254 73 255 253 
185 253 255 122 256 
186 154 253 256 119 
187 153 259 257 258 
188 259 121 260 257 
189 257 260 154 261 
190 258 257 261 151 
191 5 263 262 176 
192 263 130 163 262 
193 262 163 128 264 
194 176 262 264 129 
195 98 266 265 150 
196 266 144 267 265 
197 265 267 116 250 
198 150 265 250 73 
199 147 269 268 248 
200 269 150 270 268 
201 268 270 73 254 
202 248 268 254 121 
203 159 273 271 272 
204 273 148 246 271 
205 271 246 89 164 
206 272 271 164 130 
207 160 276 274 275 
208 276 159 272 274 
209 274 272 130 263 
210 275 274 263 5 
211 170 279 277 278 
212 279 160 275 277 
213 277 275 5 175 
214 278 277 175 168 
215 171 281 280 239 
216 281 170 278 280 
217 280 278 168 204 
218 239 280 204 126 
219 218 284 282 283 
220 284 157 222 282 
221 282 222 81 230 
222 283 282 230 196 
223 222 287 285 286 
224 287 221 237 285 
225 285 237 200 234 
226 286 285 234 81 
