2 0.000000 100.000000 444.825237
465 379 
1 -74.897215 0.000000 -74.897215 97.262374 0.000001 23.214573 0.000111 
2 77.278048 0.000000 -74.897215 97.267330 0.000005 23.179485 0.000178 
3 77.278048 0.000000 75.316262 97.296198 0.000005 23.120128 -0.000109 
4 -74.897215 0.000000 75.316262 97.277768 0.000000 23.213169 -0.000182 
5 1.190417 0.000000 0.209523 98.936724 -0.000109 0.093075 0.021152 
6 -74.897215 0.000000 0.209523 97.270849 0.000001 23.223893 -0.000097 
7 1.190417 0.000000 -74.897215 97.250572 0.000002 23.195634 0.000429 
8 77.278048 0.000000 0.209523 97.432084 0.000062 22.507303 0.000041 
9 1.190417 0.000000 75.316262 97.297052 0.000002 23.185055 -0.000426 
10 39.234233 0.000000 -37.343846 97.261328 0.000012 23.091274 0.000703 
11 1.190417 0.000000 -37.343846 97.198532 0.000009 23.139095 0.001703 
12 39.234233 0.000000 -74.897215 97.259344 0.000005 23.179356 0.000334 
13 77.278048 0.000000 -37.343846 97.278401 0.000009 23.126372 0.000208 
14 39.234233 0.000000 0.209523 97.786734 0.000078 20.962733 -0.000168 
15 -36.853399 0.000000 -37.343846 97.243408 0.000002 23.220759 0.000452 
16 -74.897215 0.000000 -37.343846 97.263199 0.000001 23.218811 0.000076 
17 -36.853399 0.000000 -74.897215 97.255647 0.000002 23.209201 0.000267 
18 -36.853399 0.000000 0.209523 97.278795 0.000003 23.253561 -0.000389 
19 39.234233 0.000000 37.762892 97.366843 0.000019 22.892543 -0.000437 
20 1.190417 0.000000 37.762892 97.382699 0.000007 23.096442 -0.001684 
21 77.278048 0.000000 37.762892 97.423536 0.000032 22.578819 -0.000115 
22 39.234233 0.000000 75.316262 97.295182 0.000003 23.157379 -0.000262 
23 20.212325 0.000000 -18.567161 97.237082 0.000028 22.758268 0.002701 
24 1.190417 0.000000 -18.567161 96.995120 0.000018 22.936971 0.006584 
25 20.212325 0.000000 -37.343846 97.230101 0.000012 23.089299 0.001319 
26 39.234233 0.000000 -18.567161 97.309813 0.000035 22.863594 0.000806 
27 20.212325 0.000000 0.209523 98.350751 -0.000290 18.382834 -0.001080 
28 -36.853399 0.000000 37.762892 97.305407 0.000003 23.215867 -0.000732 
29 -74.897215 0.000000 37.762892 97.278427 0.000001 23.217672 -0.000215 
30 -36.853399 0.000000 75.316262 97.287758 0.000001 23.205156 -0.000339 
31 -17.831491 0.000000 -18.567161 97.167147 0.000007 23.243483 0.001829 
32 -36.853399 0.000000 -18.567161 97.246289 0.000003 23.239256 0.000310 
33 -17.831491 0.000000 -37.343846 97.215860 0.000005 23.201384 0.001077 
34 -17.831491 0.000000 0.209523 97.307686 0.000010 23.382295 -0.001552 
35 20.212325 0.000000 18.986208 97.614162 0.000050 22.115684 -0.001763 
36 1.190417 0.000000 18.986208 97.700446 0.000029 22.785819 -0.006457 
37 39.234233 0.000000 18.986208 97.766178 0.000014 21.187757 -0.000715 
38 20.212325 0.000000 37.762892 97.375752 0.000012 22.984021 -0.001030 
39 10.701371 0.000000 -9.178819 97.134685 0.000035 21.658977 0.009574 
40 1.190417 0.000000 -9.178819 96.293497 0.000032 22.268191 0.023169 
41 10.701371 0.000000 -18.567161 97.117470 0.000023 22.754302 0.005044 
42 20.212325 0.000000 -9.178819 97.395508 0.000041 22.013514 0.002952 
43 10.701371 0.000000 0.209523 98.911321 -0.000478 15.285085 -0.001708 
44 -17.831491 0.000000 18.986208 97.416268 0.000007 23.224543 -0.002931 
45 -36.853399 0.000000 18.986208 97.307931 0.000003 23.235201 -0.000871 
46 -17.831491 0.000000 37.762892 97.344374 0.000004 23.187259 -0.001358 
47 -8.320537 0.000000 -9.178819 96.871209 0.000016 23.327406 0.007180 
48 -17.831491 0.000000 -9.178819 97.177545 0.000009 23.320582 0.001268 
49 -8.320537 0.000000 -18.567161 97.058608 0.000011 23.168722 0.004284 
50 -8.320537 0.000000 0.209523 97.411543 0.000020 23.879116 -0.005922 
51 10.701371 0.000000 9.597866 98.279694 -0.000062 20.220031 -0.006775 
52 1.190417 0.000000 9.597866 98.715189 0.000015 21.883948 -0.022360 
53 20.212325 0.000000 9.597866 98.336417 -0.000276 18.963315 -0.002966 
54 10.701371 0.000000 18.986208 97.661767 0.000045 22.401707 -0.003966 
55 5.945894 0.000000 -4.484648 96.667764 -0.000013 19.152466 0.028853 
56 1.190417 0.000000 -4.484648 94.316821 0.000039 20.720024 0.067502 
57 5.945894 0.000000 -9.178819 96.721292 0.000035 21.675600 0.017516 
58 10.701371 0.000000 -4.484648 97.515911 -0.000037 19.871895 0.009575 
59 5.945894 0.000000 0.209523 99.298296 0.000612 11.466862 0.000836 
60 -8.320537 0.000000 9.597866 97.837249 0.000020 23.256190 -0.011298 
61 -17.831491 0.000000 9.597866 97.425819 0.000010 23.304877 -0.003491 
62 -8.320537 0.000000 18.986208 97.565293 0.000014 23.116748 -0.005337 
63 -3.565060 0.000000 -4.484648 95.825902 0.000030 23.686771 0.025633 
64 -8.320537 0.000000 -4.484648 96.910087 0.000019 23.635242 0.004981 
65 -3.565060 0.000000 -9.178819 96.480345 0.000023 23.052752 0.016011 
66 -3.565060 0.000000 0.209523 97.734115 0.000016 25.725868 -0.021378 
67 5.945894 0.000000 4.903694 99.464041 -0.000403 17.672535 -0.020541 
68 1.190417 0.000000 4.903694 101.080697 -0.000100 20.286245 -0.062884 
69 10.701371 0.000000 4.903694 98.978628 -0.000824 16.786771 -0.007856 
70 5.945894 0.000000 9.597866 98.511555 -0.000012 20.861022 -0.013971 
71 3.568155 0.000000 -2.137562 95.154762 0.000001 15.082703 0.071808 
72 1.190417 0.000000 -2.137562 90.148017 0.000057 17.823335 0.155566 
73 3.568155 0.000000 -4.484648 95.528296 0.000021 19.273489 0.050288 
74 5.945894 0.000000 -2.137562 97.288870 -0.000121 16.434396 0.026479 
75 3.568155 0.000000 0.209523 99.344490 -0.000450 7.384273 0.007614 
76 -3.565060 0.000000 4.903694 99.194211 0.000012 23.460250 -0.038987 
77 -8.320537 0.000000 4.903694 97.866261 0.000020 23.574436 -0.013356 
78 -3.565060 0.000000 9.597866 98.344220 0.000023 22.884150 -0.019527 
79 -1.187322 0.000000 -2.137562 92.512044 0.000036 24.996006 0.081672 
80 -3.565060 0.000000 -2.137562 95.956231 0.000027 24.831200 0.017581 
81 -1.187322 0.000000 -4.484648 94.655339 0.000036 22.827194 0.051929 
82 -1.187322 0.000000 0.209523 99.305644 -0.000019 32.549033 -0.092105 
83 3.568155 0.000000 2.556609 101.484087 -0.000470 14.435654 -0.050741 
84 1.190417 0.000000 2.556609 105.187111 -0.000220 17.816464 -0.138175 
85 5.945894 0.000000 2.556609 99.804746 -0.000774 14.461214 -0.017011 
86 3.568155 0.000000 4.903694 100.286860 -0.000226 18.460135 -0.039823 
87 2.379286 0.000000 -0.964020 92.355443 0.000106 9.632181 0.137769 
88 1.190417 0.000000 -0.964020 84.796647 0.000102 12.455949 0.265438 
89 2.379286 0.000000 -2.137562 92.831749 0.000044 15.389367 0.114543 
90 3.568155 0.000000 -0.964020 96.272647 0.000051 11.364160 0.060243 
91 2.379286 0.000000 0.209523 98.098596 -0.000143 -4.973585 0.035193 
92 -1.187322 0.000000 2.556609 102.800487 -0.000051 24.249813 -0.115599 
93 -3.565060 0.000000 2.556609 99.274746 0.000008 24.585924 -0.045994 
94 -1.187322 0.000000 4.903694 100.507473 -0.000018 22.445413 -0.060555 
95 0.001547 0.000000 -0.964020 82.318446 0.000042 25.423671 0.257731 
96 -1.187322 0.000000 -0.964020 92.446184 0.000019 29.015799 0.061179 
97 0.001547 0.000000 -2.137562 89.860680 0.000047 22.273250 0.142896 
98 0.001547 0.000000 0.209523 101.253827 -0.000023 6.152629 -0.029019 
99 2.379286 0.000000 1.383066 104.467106 -0.000442 10.737186 -0.102866 
100 1.190417 0.000000 1.383066 110.083175 -0.000297 14.111802 -0.231745 
101 3.568155 0.000000 1.383066 101.251113 -0.000546 11.105051 -0.037511 
102 2.379286 0.000000 2.556609 103.285758 -0.000339 15.288704 -0.090169 
103 1.784851 0.000000 -0.377248 87.581289 0.000223 4.453089 0.230969 
104 1.190417 0.000000 -0.377248 81.533339 0.000165 6.137246 0.331465 
105 1.784851 0.000000 -0.964020 88.782431 0.000116 10.120863 0.201525 
106 2.379286 0.000000 -0.377248 93.344811 0.000183 4.379298 0.126757 
107 1.784851 0.000000 0.209523 98.573869 -0.000162 -1.701428 0.028030 
108 58.256140 0.000000 -18.567161 97.311402 0.000023 22.960379 0.000331 
109 58.256140 0.000000 -37.343846 97.274384 0.000009 23.108893 0.000367 
110 77.278048 0.000000 -18.567161 97.305293 0.000018 23.021163 0.000171 
111 58.256140 0.000000 0.209523 97.542873 0.000089 22.027658 0.000017 
112 29.723279 0.000000 -9.178819 97.416124 0.000056 22.312518 0.001225 
113 29.723279 0.000000 -18.567161 97.292894 0.000036 22.802292 0.001415 
114 39.234233 0.000000 -9.178819 97.409119 0.000065 22.477214 0.000624 
115 29.723279 0.000000 0.209523 97.984000 -0.000047 20.077090 -0.000395 
116 15.456848 0.000000 -4.484648 97.667782 -0.000009 20.515037 0.004014 
117 15.456848 0.000000 -9.178819 97.324482 0.000038 21.832018 0.005131 
118 20.212325 0.000000 -4.484648 97.667278 0.000021 20.991798 0.002045 
119 15.456848 0.000000 0.209523 98.612383 -0.000472 17.082346 -0.001621 
120 8.323632 0.000000 -2.137562 97.847680 -0.000208 17.480952 0.012025 
121 8.323632 0.000000 -4.484648 97.253869 -0.000036 19.487341 0.016193 
122 10.701371 0.000000 -2.137562 98.031303 -0.000235 18.136957 0.006091 
123 8.323632 0.000000 0.209523 99.092834 -0.000233 13.797888 -0.000977 
124 4.757024 0.000000 -0.964020 97.556030 -0.000058 13.112922 0.031087 
125 4.757024 0.000000 -2.137562 96.560692 -0.000060 15.736882 0.042838 
126 5.945894 0.000000 -0.964020 98.075161 -0.000159 14.418814 0.017336 
127 4.757024 0.000000 0.209523 99.367952 0.002185 9.546609 0.003487 
128 2.973721 0.000000 -0.377248 96.592740 0.000206 7.160676 0.061857 
129 2.973721 0.000000 -0.964020 94.885388 0.000087 10.419005 0.088821 
130 3.568155 0.000000 -0.377248 97.617940 0.000218 9.108998 0.038776 
131 2.973721 0.000000 0.209523 99.568361 -0.000538 5.469036 0.005623 
132 0.001547 0.000000 1.383066 110.784964 -0.000141 23.662187 -0.283321 
133 -1.187322 0.000000 1.383066 103.645660 -0.000049 27.474190 -0.149725 
134 0.001547 0.000000 2.556609 105.112970 -0.000119 21.686456 -0.151904 
135 1.784851 0.000000 0.796295 108.708413 -0.000444 7.292554 -0.187070 
136 1.190417 0.000000 0.796295 113.812756 -0.000348 9.818661 -0.304975 
137 2.379286 0.000000 0.796295 104.324251 -0.000493 6.974399 -0.093219 
138 1.784851 0.000000 1.383066 107.211405 -0.000376 11.651179 -0.163004 
139 2.082069 0.000000 -0.083862 98.286184 -0.000149 -3.647211 0.032652 
140 1.784851 0.000000 -0.083862 98.529587 -0.000159 -1.987541 0.028797 
141 2.082069 0.000000 -0.377248 90.409401 0.000201 4.039344 0.180982 
142 2.379286 0.000000 -0.083862 98.098596 -0.000143 -4.973585 0.035193 
143 2.082069 0.000000 0.209523 98.328446 -0.000149 -3.337461 0.032038 
144 58.256140 0.000000 18.986208 98.223141 -0.000281 19.224106 -0.001735 
145 77.278048 0.000000 18.986208 99.331006 -0.001223 14.571257 -0.007897 
146 58.256140 0.000000 37.762892 97.381574 0.000032 22.775885 -0.000191 
147 29.723279 0.000000 9.597866 98.729280 -0.000793 17.134521 -0.004106 
148 39.234233 0.000000 9.597866 99.467986 -0.001146 13.998305 -0.008983 
149 29.723279 0.000000 18.986208 97.644265 0.000046 21.780538 -0.000879 
150 15.456848 0.000000 4.903694 99.154988 -0.001142 15.457764 -0.007065 
151 20.212325 0.000000 4.903694 99.498247 -0.000973 13.873849 -0.009238 
152 15.456848 0.000000 9.597866 98.243931 -0.000142 19.645479 -0.003781 
153 8.323632 0.000000 2.556609 99.498340 -0.001040 14.187951 -0.010122 
154 10.701371 0.000000 2.556609 99.561296 -0.000849 13.566201 -0.009649 
155 8.323632 0.000000 4.903694 99.084557 -0.000615 17.230647 -0.011464 
156 4.757024 0.000000 1.383066 100.136746 -0.000651 11.899785 -0.016897 
157 5.945894 0.000000 1.383066 99.784686 -0.000634 12.268252 -0.010749 
158 4.757024 0.000000 2.556609 100.352427 -0.000617 14.421179 -0.027858 
159 2.973721 0.000000 0.796295 101.635621 -0.000507 8.179725 -0.039671 
160 3.568155 0.000000 0.796295 100.515874 -0.000531 9.250431 -0.018901 
161 2.973721 0.000000 1.383066 102.423606 -0.000494 10.837481 -0.060805 
162 2.676503 0.000000 -0.083862 97.521194 0.000258 3.517196 0.047725 
163 2.676503 0.000000 -0.377248 95.474110 0.000186 5.752461 0.085160 
164 2.973721 0.000000 -0.083862 98.036371 0.000236 5.553125 0.035803 
165 2.676503 0.000000 0.209523 100.133521 -0.000502 3.662837 -0.004014 
166 2.082069 0.000000 0.502909 106.451154 -0.000515 4.080530 -0.134850 
167 1.784851 0.000000 0.502909 109.337340 -0.000497 4.434229 -0.197432 
168 2.379286 0.000000 0.502909 103.742894 -0.000516 4.463289 -0.078251 
169 2.082069 0.000000 0.796295 106.375784 -0.000476 6.881506 -0.136316 
170 2.230677 0.000000 0.062830 98.205402 -0.000142 -4.194310 0.033811 
171 2.082069 0.000000 0.062830 98.286184 -0.000149 -3.647211 0.032652 
172 2.230677 0.000000 -0.083862 98.173132 -0.000145 -4.441659 0.034231 
173 2.379286 0.000000 0.062830 98.098596 -0.000143 -4.973585 0.035193 
174 2.230677 0.000000 0.209523 98.173132 -0.000145 -4.441659 0.034231 
175 0.595982 0.000000 -0.377248 72.545395 0.000111 11.210543 0.461149 
176 0.001547 0.000000 -0.377248 68.712383 0.000011 34.009293 0.412198 
177 0.595982 0.000000 -0.964020 81.402307 0.000073 17.626601 0.306297 
178 0.595982 0.000000 0.209523 99.579890 -0.000085 1.890027 0.008027 
179 1.487634 0.000000 -0.083862 98.750691 -0.000149 -0.796736 0.024767 
180 1.190417 0.000000 -0.083862 98.898998 -0.000118 -0.084463 0.021898 
181 1.487634 0.000000 -0.377248 84.757806 0.000206 5.151932 0.278957 
182 1.487634 0.000000 0.209523 98.750691 -0.000149 -0.796736 0.024767 
183 1.933460 0.000000 0.062830 98.477304 -0.000156 -2.349573 0.029670 
184 1.784851 0.000000 0.062830 98.569991 -0.000158 -1.785020 0.028077 
185 1.933460 0.000000 -0.083862 98.477304 -0.000156 -2.349573 0.029670 
186 1.933460 0.000000 0.209523 98.394653 -0.000150 -2.872523 0.031024 
187 0.595982 0.000000 0.796295 118.833344 -0.000239 16.137381 -0.438178 
188 0.001547 0.000000 0.796295 117.537032 -0.000137 27.389517 -0.456514 
189 0.595982 0.000000 1.383066 111.880083 -0.000215 18.457381 -0.285783 
190 0.893199 0.000000 -0.083862 99.224861 -0.000091 0.975796 0.015347 
191 0.595982 0.000000 -0.083862 99.506157 -0.000089 1.704283 0.009562 
192 0.893199 0.000000 -0.377248 77.572373 0.000136 7.858950 0.392076 
193 0.893199 0.000000 0.209523 99.224861 -0.000091 0.975796 0.015347 
194 0.893199 0.000000 0.502909 119.535710 -0.000316 8.768510 -0.436567 
195 0.595982 0.000000 0.502909 123.961959 -0.000258 12.853038 -0.553177 
196 1.190417 0.000000 0.502909 115.639950 -0.000378 6.540925 -0.341538 
197 0.893199 0.000000 0.796295 116.499239 -0.000293 12.304390 -0.372347 
198 1.041808 0.000000 0.062830 99.043110 -0.000093 0.444886 0.019026 
199 0.893199 0.000000 0.062830 99.167234 -0.000095 0.799252 0.016522 
200 1.041808 0.000000 -0.083862 99.043110 -0.000093 0.444886 0.019026 
201 1.190417 0.000000 0.062830 98.951035 -0.000113 0.091672 0.020868 
202 1.041808 0.000000 0.209523 99.043110 -0.000093 0.444886 0.019026 
203 -55.875307 0.000000 -18.567161 97.261772 0.000002 23.228562 0.000058 
204 -74.897215 0.000000 -18.567161 97.265894 0.000001 23.223026 0.000004 
205 -55.875307 0.000000 -37.343846 97.257037 0.000001 23.222046 0.000181 
206 -55.875307 0.000000 0.209523 97.272858 0.000002 23.231772 -0.000172 
207 -27.342445 0.000000 -9.178819 97.241996 0.000006 23.271709 0.000242 
208 -36.853399 0.000000 -9.178819 97.258851 0.000003 23.249445 0.000018 
209 -27.342445 0.000000 -18.567161 97.223091 0.000005 23.244921 0.000734 
210 -27.342445 0.000000 0.209523 97.286942 0.000006 23.284633 -0.000692 
211 -13.076014 0.000000 -4.484648 97.158252 0.000013 23.456870 0.001005 
212 -17.831491 0.000000 -4.484648 97.227237 0.000010 23.365298 0.000093 
213 -13.076014 0.000000 -9.178819 97.084120 0.000011 23.345887 0.002964 
214 -13.076014 0.000000 0.209523 97.337162 0.000015 23.510638 -0.002727 
215 -5.942799 0.000000 -2.137562 96.836678 0.000024 24.172862 0.003833 
216 -8.320537 0.000000 -2.137562 97.101466 0.000020 23.812296 0.000428 
217 -5.942799 0.000000 -4.484648 96.561273 0.000024 23.741809 0.011225 
218 -5.942799 0.000000 0.209523 97.502482 0.000022 24.379025 -0.010107 
219 -2.376191 0.000000 -0.964020 95.663955 0.000020 26.904289 0.012457 
220 -3.565060 0.000000 -0.964020 96.630430 0.000022 25.491497 0.001274 
221 -2.376191 0.000000 -2.137562 94.749241 0.000031 25.294330 0.038278 
222 -2.376191 0.000000 0.209523 98.049663 0.000004 27.619862 -0.037659 
223 -0.592887 0.000000 -0.377248 89.851751 -0.000001 37.140446 0.054725 
224 -1.187322 0.000000 -0.377248 94.794140 0.000002 31.833627 0.000069 
225 -0.592887 0.000000 -0.964020 88.138972 0.000024 29.387274 0.136791 
226 -0.592887 0.000000 0.209523 102.814676 -0.000041 40.311339 -0.219586 
227 0.298765 0.000000 -0.083862 100.491318 -0.000046 3.984852 -0.011438 
228 0.001547 0.000000 -0.083862 101.253827 -0.000023 6.152629 -0.029019 
229 0.298765 0.000000 -0.377248 66.904536 0.000056 19.016261 0.516216 
230 0.298765 0.000000 0.209523 100.395070 -0.000048 3.654547 -0.009253 
231 -55.875307 0.000000 18.986208 97.283274 0.000002 23.227238 -0.000354 
232 -74.897215 0.000000 18.986208 97.275519 0.000001 23.222457 -0.000181 
233 -55.875307 0.000000 37.762892 97.286441 0.000001 23.220040 -0.000382 
234 -27.342445 0.000000 9.597866 97.329116 0.000005 23.266184 -0.001427 
235 -36.853399 0.000000 9.597866 97.297879 0.000003 23.247023 -0.000730 
236 -27.342445 0.000000 18.986208 97.341905 0.000004 23.236511 -0.001538 
237 -13.076014 0.000000 4.903694 97.505502 0.000015 23.435603 -0.005655 
238 -17.831491 0.000000 4.903694 97.384651 0.000010 23.355951 -0.002927 
239 -13.076014 0.000000 9.597866 97.557334 0.000015 23.314012 -0.006098 
240 -5.942799 0.000000 2.556609 98.123275 0.000019 24.088644 -0.020844 
241 -8.320537 0.000000 2.556609 97.707403 0.000020 23.774772 -0.011198 
242 -5.942799 0.000000 4.903694 98.318733 0.000020 23.626436 -0.022478 
243 -2.376191 0.000000 1.383066 100.099142 -0.000009 26.446646 -0.071926 
244 -3.565060 0.000000 1.383066 98.755191 0.000010 25.315228 -0.039345 
245 -2.376191 0.000000 2.556609 100.671603 -0.000014 24.902267 -0.075489 
246 -0.592887 0.000000 0.796295 108.148807 -0.000073 31.855543 -0.271094 
247 -1.187322 0.000000 0.796295 102.682180 -0.000038 30.235276 -0.145780 
248 -0.592887 0.000000 1.383066 107.106924 -0.000086 26.854356 -0.219305 
249 0.298765 0.000000 0.502909 127.551636 -0.000184 20.730952 -0.669919 
250 0.001547 0.000000 0.502909 124.566972 -0.000120 32.047875 -0.654400 
251 0.298765 0.000000 0.796295 119.695142 -0.000185 21.545887 -0.479115 
252 0.447373 0.000000 0.062830 99.905477 -0.000072 2.578264 0.001225 
253 0.298765 0.000000 0.062830 100.491318 -0.000046 3.984852 -0.011438 
254 0.447373 0.000000 -0.083862 99.905477 -0.000072 2.578264 0.001225 
255 0.595982 0.000000 0.062830 99.634663 -0.000084 1.982979 0.006900 
256 0.447373 0.000000 0.209523 99.953832 -0.000069 2.685621 0.000202 
257 -0.295670 0.000000 -0.083862 90.785311 -0.000026 53.485872 -0.110271 
258 -0.592887 0.000000 -0.083862 95.365266 -0.000020 41.064459 -0.078082 
259 -0.295670 0.000000 -0.377248 82.021907 0.000002 40.006022 0.167193 
260 -0.295670 0.000000 0.209523 111.100344 -0.000054 49.112449 -0.475532 
261 0.150156 0.000000 0.062830 100.904959 -0.000034 5.111703 -0.020794 
262 0.001547 0.000000 0.062830 101.253827 -0.000023 6.152629 -0.029019 
263 0.150156 0.000000 -0.083862 101.032799 -0.000031 5.541655 -0.023834 
264 0.150156 0.000000 0.209523 101.032799 -0.000031 5.541655 -0.023834 
265 -0.295670 0.000000 0.502909 114.465209 -0.000083 37.289429 -0.449279 
266 -0.592887 0.000000 0.502909 107.074548 -0.000060 35.980151 -0.275953 
267 -0.295670 0.000000 0.796295 112.812717 -0.000100 31.041193 -0.369026 
268 -0.147061 0.000000 0.062830 101.476650 -0.000017 6.857897 -0.034454 
269 -0.295670 0.000000 0.062830 102.514147 -0.000039 54.851447 -0.351783 
270 -0.147061 0.000000 -0.083862 101.476650 -0.000017 6.857897 -0.034454 
271 -0.147061 0.000000 0.209523 101.671346 -0.000020 7.681785 -0.039607 
272 -17.831491 0.000000 -56.120531 97.240419 0.000002 23.201589 0.000599 
273 -36.853399 0.000000 -56.120531 97.249685 0.000001 23.213234 0.000364 
274 -17.831491 0.000000 -74.897215 97.251567 0.000002 23.204513 0.000368 
275 1.190417 0.000000 -56.120531 97.236897 0.000003 23.181354 0.000761 
276 -8.320537 0.000000 -27.955504 97.157809 0.000009 23.162036 0.002388 
277 -17.831491 0.000000 -27.955504 97.193999 0.000006 23.208889 0.001467 
278 -8.320537 0.000000 -37.343846 97.201897 0.000007 23.174783 0.001472 
279 1.190417 0.000000 -27.955504 97.145479 0.000013 23.081651 0.002999 
280 -3.565060 0.000000 -13.872990 96.837710 0.000016 23.027904 0.009217 
281 -8.320537 0.000000 -13.872990 96.972131 0.000012 23.202145 0.005807 
282 -3.565060 0.000000 -18.567161 97.005551 0.000014 23.069698 0.005771 
283 1.190417 0.000000 -13.872990 96.799457 0.000021 22.738320 0.011283 
284 -1.187322 0.000000 -6.831733 95.755089 0.000033 22.632060 0.031875 
285 -3.565060 0.000000 -6.831733 96.173601 0.000027 23.204348 0.021220 
286 -1.187322 0.000000 -9.178819 96.309377 0.000028 22.708421 0.020883 
287 1.190417 0.000000 -6.831733 95.684686 0.000037 21.753138 0.037124 
288 0.001547 0.000000 -3.311105 92.693032 0.000047 21.869290 0.092974 
289 -1.187322 0.000000 -3.311105 93.573769 0.000041 23.495483 0.069191 
290 0.001547 0.000000 -4.484648 94.254469 0.000039 21.854535 0.063847 
291 1.190417 0.000000 -3.311105 92.768829 0.000049 19.758278 0.100355 
292 0.595982 0.000000 -1.550791 86.578459 0.000060 19.267545 0.213293 
293 0.001547 0.000000 -1.550791 87.206395 0.000047 23.127991 0.186014 
294 0.595982 0.000000 -2.137562 89.516805 0.000054 19.982698 0.158743 
295 1.190417 0.000000 -1.550791 87.913525 0.000072 15.919431 0.201778 
296 0.298765 0.000000 -0.670634 75.817219 0.000058 21.303748 0.379790 
297 0.001547 0.000000 -0.670634 77.769201 0.000035 28.077663 0.316360 
298 0.298765 0.000000 -0.964020 80.999421 0.000057 21.484301 0.297752 
299 0.595982 0.000000 -0.670634 77.399404 0.000085 15.585269 0.376643 
300 0.150156 0.000000 -0.230555 101.253827 -0.000023 6.152629 -0.029019 
301 0.001547 0.000000 -0.230555 101.476650 -0.000017 6.857897 -0.034454 
302 0.150156 0.000000 -0.377248 65.818907 0.000028 26.045096 0.498952 
303 0.298765 0.000000 -0.230555 100.367022 -0.000052 3.567292 -0.008626 
304 0.075852 0.000000 -0.010516 101.048359 -0.000025 5.446931 -0.024044 
305 0.001547 0.000000 -0.010516 101.359286 -0.000025 6.578766 -0.031698 
306 0.075852 0.000000 -0.083862 101.032799 -0.000031 5.541655 -0.023834 
307 0.150156 0.000000 -0.010516 100.904959 -0.000034 5.111703 -0.020794 
308 0.075852 0.000000 0.062830 101.048359 -0.000025 5.446931 -0.024044 
309 20.212325 0.000000 -56.120531 97.244829 0.000004 23.163489 0.000690 
310 20.212325 0.000000 -74.897215 97.253440 0.000003 23.187500 0.000411 
311 39.234233 0.000000 -56.120531 97.256605 0.000004 23.157328 0.000489 
312 10.701371 0.000000 -27.955504 97.177627 0.000017 23.012042 0.002695 
313 10.701371 0.000000 -37.343846 97.210305 0.000011 23.106972 0.001622 
314 20.212325 0.000000 -27.955504 97.223676 0.000019 22.988672 0.001908 
315 5.945894 0.000000 -13.872990 96.921890 0.000025 22.493875 0.010017 
316 5.945894 0.000000 -18.567161 97.041828 0.000021 22.818933 0.006218 
317 10.701371 0.000000 -13.872990 97.091625 0.000028 22.408699 0.007107 
318 3.568155 0.000000 -6.831733 96.089454 0.000035 21.043085 0.032401 
319 3.568155 0.000000 -9.178819 96.463388 0.000034 21.887386 0.021576 
320 5.945894 0.000000 -6.831733 96.619953 0.000029 20.776891 0.023291 
321 2.379286 0.000000 -3.311105 93.814428 0.000039 18.222400 0.086680 
322 2.379286 0.000000 -4.484648 94.829405 0.000033 19.794147 0.061558 
323 3.568155 0.000000 -3.311105 95.161581 0.000016 17.676006 0.063183 
324 1.784851 0.000000 -1.550791 90.129590 0.000073 13.868058 0.168433 
325 1.784851 0.000000 -2.137562 91.409694 0.000055 16.271363 0.137951 
326 2.379286 0.000000 -1.550791 92.410670 0.000063 13.051907 0.128992 
327 2.082069 0.000000 -0.670634 90.503892 0.000151 7.174150 0.175758 
328 1.784851 0.000000 -0.670634 88.160891 0.000154 7.528580 0.217098 
329 2.082069 0.000000 -0.964020 90.651407 0.000115 9.658732 0.168903 
330 2.379286 0.000000 -0.670634 92.651487 0.000144 7.337936 0.136186 
331 2.230677 0.000000 -0.230555 98.098596 -0.000143 -4.973585 0.035193 
332 2.082069 0.000000 -0.230555 98.333342 -0.000143 -3.272746 0.031984 
333 2.230677 0.000000 -0.377248 91.898059 0.000190 4.069980 0.153818 
334 2.379286 0.000000 -0.230555 98.012922 -0.000146 -5.610572 0.036199 
335 2.676503 0.000000 0.502909 101.824664 -0.000516 5.587517 -0.039948 
336 2.973721 0.000000 0.502909 100.794281 -0.000511 6.746906 -0.020501 
337 2.676503 0.000000 0.796295 102.724478 -0.000501 7.501242 -0.060859 
338 2.527895 0.000000 0.062830 98.012922 -0.000146 -5.610572 0.036199 
339 2.527895 0.000000 -0.083862 97.896020 -0.000146 -6.488872 0.037426 
340 2.676503 0.000000 0.062830 98.881252 -0.000681 3.155642 0.021254 
341 2.527895 0.000000 0.209523 97.896020 -0.000146 -6.488872 0.037426 
342 2.304982 0.000000 -0.010516 98.158696 -0.000145 -4.538530 0.034427 
343 2.230677 0.000000 -0.010516 98.205402 -0.000142 -4.194310 0.033811 
344 2.304982 0.000000 -0.083862 98.173132 -0.000145 -4.441659 0.034231 
345 2.379286 0.000000 -0.010516 98.012530 -0.000143 -5.647270 0.036165 
346 2.304982 0.000000 0.062830 98.146047 -0.000146 -4.615211 0.034605 
347 2.973721 0.000000 -1.550791 94.247764 0.000040 13.042350 0.094726 
348 2.973721 0.000000 -2.137562 94.090484 0.000026 15.019670 0.092139 
349 3.568155 0.000000 -1.550791 95.484563 0.000008 13.341167 0.070471 
350 2.676503 0.000000 -0.670634 94.368201 0.000139 8.003524 0.103059 
351 2.676503 0.000000 -0.964020 93.781466 0.000098 9.931147 0.110641 
352 2.973721 0.000000 -0.670634 95.555585 0.000135 8.852564 0.079076 
353 2.527895 0.000000 -0.230555 95.457870 0.000192 3.449259 0.087590 
354 2.527895 0.000000 -0.377248 94.567451 0.000182 5.004753 0.103195 
355 2.676503 0.000000 -0.230555 96.351441 0.000199 4.549406 0.069570 
356 2.453590 0.000000 -0.010516 98.012922 -0.000146 -5.610572 0.036199 
357 2.453590 0.000000 -0.083862 98.012922 -0.000146 -5.610572 0.036199 
358 2.527895 0.000000 -0.010516 98.012922 -0.000146 -5.610572 0.036199 
359 2.453590 0.000000 0.062830 98.012922 -0.000146 -5.610572 0.036199 
360 2.527895 0.000000 0.356216 101.951933 -0.000515 3.715050 -0.040800 
361 2.379286 0.000000 0.356216 103.218865 -0.000516 2.935127 -0.066275 
362 2.676503 0.000000 0.356216 101.107755 -0.000516 4.585173 -0.024380 
363 2.527895 0.000000 0.502909 102.653875 -0.000516 4.979373 -0.056261 
364 2.453590 0.000000 0.136177 98.012922 -0.000146 -5.610572 0.036199 
365 2.379286 0.000000 0.136177 98.098596 -0.000143 -4.973585 0.035193 
366 2.527895 0.000000 0.136177 97.896020 -0.000146 -6.488872 0.037426 
367 2.453590 0.000000 0.209523 98.012922 -0.000146 -5.610572 0.036199 
368 2.416438 0.000000 0.026157 98.098596 -0.000143 -4.973585 0.035193 
369 2.379286 0.000000 0.026157 98.012530 -0.000143 -5.647270 0.036165 
370 2.416438 0.000000 -0.010516 98.098596 -0.000143 -4.973585 0.035193 
371 2.453590 0.000000 0.026157 98.012922 -0.000146 -5.610572 0.036199 
372 2.416438 0.000000 0.062830 98.098596 -0.000143 -4.973585 0.035193 
373 2.230677 0.000000 0.356216 104.820414 -0.000522 2.519023 -0.099366 
374 2.082069 0.000000 0.356216 106.496708 -0.000534 2.457246 -0.134759 
375 2.230677 0.000000 0.502909 105.040163 -0.000516 4.168110 -0.105081 
376 2.304982 0.000000 0.136177 98.098596 -0.000143 -4.973585 0.035193 
377 2.230677 0.000000 0.136177 98.173132 -0.000145 -4.441659 0.034231 
378 2.304982 0.000000 0.209523 98.098596 -0.000143 -4.973585 0.035193 
379 2.342134 0.000000 0.026157 98.017565 -0.000144 -5.579700 0.036142 
380 2.304982 0.000000 0.026157 98.158696 -0.000145 -4.538530 0.034427 
381 2.342134 0.000000 -0.010516 98.017565 -0.000144 -5.579700 0.036142 
382 2.342134 0.000000 0.062830 98.098596 -0.000143 -4.973585 0.035193 
383 2.453590 0.000000 -0.157209 98.012922 -0.000146 -5.610572 0.036199 
384 2.379286 0.000000 -0.157209 98.098596 -0.000143 -4.973585 0.035193 
385 2.453590 0.000000 -0.230555 97.896020 -0.000146 -6.488872 0.037426 
386 2.527895 0.000000 -0.157209 97.896020 -0.000146 -6.488872 0.037426 
387 2.416438 0.000000 -0.047189 98.098596 -0.000143 -4.973585 0.035193 
388 2.379286 0.000000 -0.047189 98.098596 -0.000143 -4.973585 0.035193 
389 2.416438 0.000000 -0.083862 98.098596 -0.000143 -4.973585 0.035193 
390 2.453590 0.000000 -0.047189 98.012922 -0.000146 -5.610572 0.036199 
391 2.397862 0.000000 0.007821 98.012530 -0.000143 -5.647270 0.036165 
392 2.379286 0.000000 0.007821 98.012530 -0.000143 -5.647270 0.036165 
393 2.397862 0.000000 -0.010516 98.012530 -0.000143 -5.647270 0.036165 
394 2.416438 0.000000 0.007821 98.098596 -0.000143 -4.973585 0.035193 
395 2.397862 0.000000 0.026157 98.098596 -0.000143 -4.973585 0.035193 
396 58.256140 0.000000 -56.120531 97.264982 0.000005 23.159576 0.000316 
397 58.256140 0.000000 -74.897215 97.264006 0.000005 23.178311 0.000248 
398 77.278048 0.000000 -56.120531 97.271135 0.000008 23.158201 0.000202 
399 -55.875307 0.000000 -56.120531 97.257720 0.000002 23.215247 0.000199 
400 -74.897215 0.000000 -56.120531 97.262163 0.000001 23.216338 0.000107 
401 -55.875307 0.000000 -74.897215 97.259435 0.000001 23.212954 0.000176 
402 29.723279 0.000000 -27.955504 97.256480 0.000020 22.996640 0.001233 
403 29.723279 0.000000 -37.343846 97.248173 0.000012 23.086814 0.000979 
404 39.234233 0.000000 -27.955504 97.274039 0.000019 23.017562 0.000795 
405 -27.342445 0.000000 -27.955504 97.223971 0.000004 23.225654 0.000807 
406 -36.853399 0.000000 -27.955504 97.242371 0.000003 23.228348 0.000437 
407 -27.342445 0.000000 -37.343846 97.231366 0.000003 23.214989 0.000713 
408 15.456848 0.000000 -13.872990 97.213781 0.000029 22.432076 0.004628 
409 15.456848 0.000000 -18.567161 97.187231 0.000024 22.740517 0.003751 
410 20.212325 0.000000 -13.872990 97.281010 0.000037 22.501505 0.003009 
411 -13.076014 0.000000 -13.872990 97.088828 0.000010 23.265673 0.003247 
412 -17.831491 0.000000 -13.872990 97.162168 0.000008 23.276203 0.001773 
413 -13.076014 0.000000 -18.567161 97.118892 0.000009 23.222384 0.002864 
414 8.323632 0.000000 -6.831733 97.014040 0.000024 20.811049 0.015518 
415 8.323632 0.000000 -9.178819 96.959126 0.000034 21.620697 0.013147 
416 10.701371 0.000000 -6.831733 97.250997 0.000023 20.961985 0.010284 
417 -5.942799 0.000000 -6.831733 96.580575 0.000022 23.419536 0.012372 
418 -8.320537 0.000000 -6.831733 96.851819 0.000018 23.456736 0.006951 
419 -5.942799 0.000000 -9.178819 96.692822 0.000019 23.246132 0.011012 
420 4.757024 0.000000 -3.311105 96.211093 -0.000016 17.758537 0.042806 
421 4.757024 0.000000 -4.484648 96.172553 0.000004 19.106290 0.038579 
422 5.945894 0.000000 -3.311105 96.871276 -0.000063 17.916044 0.029497 
423 -2.376191 0.000000 -3.311105 94.888868 0.000032 24.046723 0.041786 
424 -3.565060 0.000000 -3.311105 95.757806 0.000029 24.168520 0.024633 
425 -2.376191 0.000000 -4.484648 95.261144 0.000033 23.422349 0.037671 
426 -0.592887 0.000000 -1.550791 89.593647 0.000036 25.732718 0.131081 
427 -1.187322 0.000000 -1.550791 92.085902 0.000030 26.584193 0.081347 
428 -0.592887 0.000000 -2.137562 91.048313 0.000041 24.042612 0.113216 
429 1.487634 0.000000 -0.670634 85.701374 0.000145 8.353234 0.258550 
430 1.190417 0.000000 -0.670634 83.046977 0.000127 9.724781 0.300863 
431 1.487634 0.000000 -0.964020 86.806921 0.000111 11.017676 0.234317 
432 1.487634 0.000000 0.502909 112.309564 -0.000448 5.249121 -0.264099 
433 1.487634 0.000000 0.796295 111.188409 -0.000400 8.241657 -0.243079 
434 1.933460 0.000000 -0.230555 98.457008 -0.000157 -2.458979 0.030017 
435 1.784851 0.000000 -0.230555 98.581294 -0.000161 -1.703896 0.027883 
436 1.933460 0.000000 -0.377248 88.977501 0.000215 4.197440 0.206539 
437 1.933460 0.000000 0.356216 108.093157 -0.000546 2.626752 -0.169103 
438 1.784851 0.000000 0.356216 109.642661 -0.000543 2.898888 -0.202992 
439 1.933460 0.000000 0.502909 107.893305 -0.000511 4.184993 -0.165848 
440 0.893199 0.000000 -0.670634 80.196132 0.000107 11.938653 0.342605 
441 0.893199 0.000000 -0.964020 82.883081 0.000088 14.598404 0.291728 
442 0.744591 0.000000 0.062830 99.436763 -0.000089 1.522669 0.011001 
443 0.744591 0.000000 -0.083862 99.436763 -0.000089 1.522669 0.011001 
444 0.744591 0.000000 0.209523 99.288675 -0.000095 1.152605 0.014043 
445 -0.295670 0.000000 -0.670634 83.084568 0.000021 32.152324 0.206318 
446 -0.592887 0.000000 -0.670634 88.074661 0.000014 32.657565 0.117634 
447 -0.295670 0.000000 -0.964020 85.088724 0.000031 28.214258 0.196386 
448 0.447373 0.000000 -0.230555 99.953832 -0.000069 2.685621 0.000202 
449 0.447373 0.000000 -0.377248 69.618388 0.000087 14.257113 0.495001 
450 0.595982 0.000000 -0.230555 99.590430 -0.000085 1.894016 0.007816 
451 -0.147061 0.000000 -0.230555 101.781118 -0.000030 8.283313 -0.042801 
452 -0.295670 0.000000 -0.230555 83.906823 -0.000012 46.520914 0.079545 
453 -0.147061 0.000000 -0.377248 75.358126 0.000005 39.069868 0.279470 
454 2.304982 0.000000 -0.157209 98.098596 -0.000143 -4.973585 0.035193 
455 2.230677 0.000000 -0.157209 98.173132 -0.000145 -4.441659 0.034231 
456 2.304982 0.000000 -0.230555 98.098596 -0.000143 -4.973585 0.035193 
457 2.342134 0.000000 -0.047189 98.098596 -0.000143 -4.973585 0.035193 
458 2.304982 0.000000 -0.047189 98.146047 -0.000146 -4.615211 0.034605 
459 2.342134 0.000000 -0.083862 98.098596 -0.000143 -4.973585 0.035193 
460 0.744591 0.000000 -0.230555 99.421883 -0.000093 1.514550 0.011300 
461 0.744591 0.000000 -0.377248 75.222773 0.000127 9.224421 0.425644 
462 0.893199 0.000000 -0.230555 99.159187 -0.000090 0.796212 0.016682 
463 1.041808 0.000000 -0.230555 99.033418 -0.000080 0.445371 0.019218 
464 1.041808 0.000000 -0.377248 79.666178 0.000147 6.866646 0.360615 
465 1.190417 0.000000 -0.230555 98.936724 -0.000109 0.093075 0.021152 
1 19 21 3 22 
2 20 19 22 9 
3 28 20 9 30 
4 29 28 30 4 
5 35 37 19 38 
6 36 35 38 20 
7 44 36 20 46 
8 45 44 46 28 
9 51 53 35 54 
10 52 51 54 36 
11 60 52 36 62 
12 61 60 62 44 
13 67 69 51 70 
14 68 67 70 52 
15 76 68 52 78 
16 77 76 78 60 
17 83 85 67 86 
18 84 83 86 68 
19 92 84 68 94 
20 93 92 94 76 
21 99 101 83 102 
22 100 99 102 84 
23 10 109 108 26 
24 109 13 110 108 
25 108 110 8 111 
26 26 108 111 14 
27 23 113 112 42 
28 113 26 114 112 
29 112 114 14 115 
30 42 112 115 27 
31 39 117 116 58 
32 117 42 118 116 
33 116 118 27 119 
34 58 116 119 43 
35 55 121 120 74 
36 121 58 122 120 
37 120 122 43 123 
38 74 120 123 59 
39 71 125 124 90 
40 125 74 126 124 
41 124 126 59 127 
42 90 124 127 75 
43 129 90 130 128 
44 128 130 75 131 
45 132 100 84 134 
46 133 132 134 92 
47 135 137 99 138 
48 136 135 138 100 
49 14 111 144 37 
50 111 8 145 144 
51 144 145 21 146 
52 37 144 146 19 
53 27 115 147 53 
54 115 14 148 147 
55 147 148 37 149 
56 53 147 149 35 
57 43 119 150 69 
58 119 27 151 150 
59 150 151 53 152 
60 69 150 152 51 
61 59 123 153 85 
62 123 43 154 153 
63 153 154 69 155 
64 85 153 155 67 
65 75 127 156 101 
66 127 59 157 156 
67 156 157 85 158 
68 101 156 158 83 
69 131 75 160 159 
70 159 160 101 161 
71 137 159 161 99 
72 163 128 164 162 
73 162 164 131 165 
74 166 168 137 169 
75 167 166 169 135 
76 139 172 170 171 
77 171 170 174 143 
78 104 181 179 180 
79 181 103 140 179 
80 179 140 107 182 
81 180 179 182 5 
82 140 185 183 184 
83 185 139 171 183 
84 183 171 143 186 
85 184 183 186 107 
86 187 136 100 189 
87 188 187 189 132 
88 178 193 194 195 
89 193 5 196 194 
90 194 196 136 197 
91 195 194 197 187 
92 190 200 198 199 
93 200 180 201 198 
94 198 201 5 202 
95 199 198 202 193 
96 16 205 203 204 
97 205 15 32 203 
98 203 32 18 206 
99 204 203 206 6 
100 32 209 207 208 
101 209 31 48 207 
102 207 48 34 210 
103 208 207 210 18 
104 48 213 211 212 
105 213 47 64 211 
106 211 64 50 214 
107 212 211 214 34 
108 64 217 215 216 
109 217 63 80 215 
110 215 80 66 218 
111 216 215 218 50 
112 80 221 219 220 
113 221 79 96 219 
114 219 96 82 222 
115 220 219 222 66 
116 96 225 223 224 
117 224 223 226 82 
118 6 206 231 232 
119 206 18 45 231 
120 231 45 28 233 
121 232 231 233 29 
122 18 210 234 235 
123 210 34 61 234 
124 234 61 44 236 
125 235 234 236 45 
126 34 214 237 238 
127 214 50 77 237 
128 237 77 60 239 
129 238 237 239 61 
130 50 218 240 241 
131 218 66 93 240 
132 240 93 76 242 
133 241 240 242 77 
134 66 222 243 244 
135 222 82 133 243 
136 243 133 92 245 
137 244 243 245 93 
138 82 226 246 247 
139 246 188 132 248 
140 247 246 248 133 
141 98 230 249 250 
142 230 178 195 249 
143 249 195 187 251 
144 250 249 251 188 
145 227 254 252 253 
146 254 191 255 252 
147 252 255 178 256 
148 253 252 256 230 
149 223 259 257 258 
150 258 257 260 226 
151 263 227 253 261 
152 261 253 230 264 
153 262 261 264 98 
154 226 260 265 266 
155 260 98 250 265 
156 265 250 188 267 
157 266 265 267 246 
158 257 270 268 269 
159 270 228 262 268 
160 268 262 98 271 
161 269 268 271 260 
162 17 274 272 273 
163 274 7 275 272 
164 272 275 11 33 
165 273 272 33 15 
166 33 278 276 277 
167 278 11 279 276 
168 276 279 24 49 
169 277 276 49 31 
170 49 282 280 281 
171 282 24 283 280 
172 280 283 40 65 
173 281 280 65 47 
174 65 286 284 285 
175 286 40 287 284 
176 284 287 56 81 
177 285 284 81 63 
178 81 290 288 289 
179 290 56 291 288 
180 288 291 72 97 
181 289 288 97 79 
182 97 294 292 293 
183 294 72 295 292 
184 292 295 88 177 
185 293 292 177 95 
186 95 298 296 297 
187 298 177 299 296 
188 296 299 175 229 
189 297 296 229 176 
190 176 302 300 301 
191 302 229 303 300 
192 300 303 227 263 
193 301 300 263 228 
194 228 306 304 305 
195 306 263 307 304 
196 304 307 261 308 
197 305 304 308 262 
198 7 310 309 275 
199 310 12 311 309 
200 309 311 10 25 
201 275 309 25 11 
202 11 313 312 279 
203 313 25 314 312 
204 312 314 23 41 
205 279 312 41 24 
206 24 316 315 283 
207 316 41 317 315 
208 315 317 39 57 
209 283 315 57 40 
210 40 319 318 287 
211 319 57 320 318 
212 318 320 55 73 
213 287 318 73 56 
214 56 322 321 291 
215 322 73 323 321 
216 321 323 71 89 
217 291 321 89 72 
218 72 325 324 295 
219 325 89 326 324 
220 324 326 87 105 
221 295 324 105 88 
222 105 329 327 328 
223 329 87 330 327 
224 327 330 106 141 
225 328 327 141 103 
226 141 333 331 332 
227 333 106 334 331 
228 332 331 172 139 
229 165 131 336 335 
230 335 336 159 337 
231 168 335 337 137 
232 339 162 340 338 
233 338 340 165 341 
234 172 344 342 343 
235 343 342 346 170 
236 89 348 347 326 
237 348 71 349 347 
238 347 349 90 129 
239 326 347 129 87 
240 87 351 350 330 
241 351 129 352 350 
242 350 352 128 163 
243 330 350 163 106 
244 106 354 353 334 
245 354 163 355 353 
246 353 355 162 339 
247 357 339 358 356 
248 356 358 338 359 
249 91 341 360 361 
250 341 165 362 360 
251 360 362 335 363 
252 361 360 363 168 
253 173 359 364 365 
254 359 338 366 364 
255 364 366 341 367 
256 365 364 367 91 
257 370 356 371 368 
258 368 371 359 372 
259 369 368 372 173 
260 143 174 373 374 
261 174 91 361 373 
262 373 361 168 375 
263 374 373 375 166 
264 170 346 376 377 
265 346 173 365 376 
266 376 365 91 378 
267 377 376 378 174 
268 342 381 379 380 
269 381 345 369 379 
270 379 369 173 382 
271 380 379 382 346 
272 334 385 383 384 
273 385 353 386 383 
274 383 386 339 357 
275 384 383 357 142 
276 142 389 387 388 
277 389 357 390 387 
278 387 390 356 370 
279 388 387 370 345 
280 345 393 391 392 
281 393 370 394 391 
282 391 394 368 395 
283 392 391 395 369 
284 12 397 396 311 
285 397 2 398 396 
286 396 398 13 109 
287 311 396 109 10 
288 1 401 399 400 
289 401 17 273 399 
290 399 273 15 205 
291 400 399 205 16 
292 25 403 402 314 
293 403 10 404 402 
294 402 404 26 113 
295 314 402 113 23 
296 15 407 405 406 
297 407 33 277 405 
298 405 277 31 209 
299 406 405 209 32 
300 41 409 408 317 
301 409 23 410 408 
302 408 410 42 117 
303 317 408 117 39 
304 31 413 411 412 
305 413 49 281 411 
306 411 281 47 213 
307 412 411 213 48 
308 57 415 414 320 
309 415 39 416 414 
310 414 416 58 121 
311 320 414 121 55 
312 47 419 417 418 
313 419 65 285 417 
314 417 285 63 217 
315 418 417 217 64 
316 73 421 420 323 
317 421 55 422 420 
318 420 422 74 125 
319 323 420 125 71 
320 63 425 423 424 
321 425 81 289 423 
322 423 289 79 221 
323 424 423 221 80 
324 79 428 426 427 
325 428 97 293 426 
326 426 293 95 225 
327 427 426 225 96 
328 88 431 429 430 
329 431 105 328 429 
330 429 328 103 181 
331 430 429 181 104 
332 5 182 432 196 
333 182 107 167 432 
334 432 167 135 433 
335 196 432 433 136 
336 103 436 434 435 
337 436 141 332 434 
338 434 332 139 185 
339 435 434 185 140 
340 107 186 437 438 
341 186 143 374 437 
342 437 374 166 439 
343 438 437 439 167 
344 177 441 440 299 
345 441 88 430 440 
346 440 430 104 192 
347 299 440 192 175 
348 191 443 442 255 
349 443 190 199 442 
350 442 199 193 444 
351 255 442 444 178 
352 225 447 445 446 
353 447 95 297 445 
354 445 297 176 259 
355 446 445 259 223 
356 229 449 448 303 
357 449 175 450 448 
358 448 450 191 254 
359 303 448 254 227 
360 259 453 451 452 
361 453 176 301 451 
362 451 301 228 270 
363 452 451 270 257 
364 331 456 454 455 
365 456 334 384 454 
366 454 384 142 344 
367 455 454 344 172 
368 344 459 457 458 
369 459 142 388 457 
370 457 388 345 381 
371 458 457 381 342 
372 175 461 460 450 
373 461 192 462 460 
374 460 462 190 443 
375 450 460 443 191 
376 192 464 463 462 
377 464 104 465 463 
378 463 465 180 200 
379 462 463 200 190 
